1,-1,1519.18,444.65,54.25,113.17,1,-1,-1,-1
1,-1,1429.92,446.85,46.68,114.14,1,-1,-1,-1
1,-1,561.87,519.12,48.52,122.68,1,-1,-1,-1
1,-1,933.57,547.40,61.13,136.54,1,-1,-1,-1
1,-1,982.20,539.10,65.05,139.09,1,-1,-1,-1
1,-1,473.90,564.03,55.51,141.03,1,-1,-1,-1
1,-1,556.31,302.00,32.15,83.01,1,-1,-1,-1
1,-1,1059.74,487.31,42.54,125.15,1,-1,-1,-1
1,-1,1288.62,454.46,52.71,115.00,1,-1,-1,-1
1,-1,138.35,522.78,52.13,131.61,1,-1,-1,-1
1,-1,466.87,433.21,48.45,113.35,1,-1,-1,-1
1,-1,1093.83,486.27,66.81,121.95,1,-1,-1,-1
1,-1,1385.36,433.97,37.71,107.59,1,-1,-1,-1
1,-1,1504.72,449.83,47.38,115.14,1,-1,-1,-1
1,-1,1443.85,448.08,47.54,124.51,1,-1,-1,-1
1,-1,475.72,381.82,11.88,9.15,1,-1,-1,-1
1,-1,1419.84,426.00,33.99,105.34,1,-1,-1,-1
2,0,562.63,518.95,48.69,122.93,1,-1,-1,-1
2,1,937.07,547.06,57.12,136.81,1,-1,-1,-1
2,2,982.13,539.71,66.41,138.96,1,-1,-1,-1
2,3,473.85,564.11,56.55,141.16,1,-1,-1,-1
2,4,556.28,301.98,32.45,83.26,1,-1,-1,-1
2,5,1060.72,486.98,41.81,125.47,1,-1,-1,-1
2,6,1288.62,454.30,52.87,115.47,1,-1,-1,-1
2,7,139.22,522.57,52.10,132.29,1,-1,-1,-1
2,8,467.11,433.71,47.66,112.79,1,-1,-1,-1
2,9,1094.18,486.25,65.76,122.06,1,-1,-1,-1
2,10,1383.51,433.54,39.03,108.05,1,-1,-1,-1
2,11,1503.13,447.65,46.23,113.79,1,-1,-1,-1
2,12,1441.33,447.96,50.42,120.63,1,-1,-1,-1
2,13,475.50,381.51,11.97,9.80,1,-1,-1,-1
2,14,1421.34,425.64,33.04,105.75,1,-1,-1,-1
2,-1,1518.79,444.92,52.28,113.39,1,-1,-1,-1
2,-1,1425.05,449.97,43.88,109.71,1,-1,-1,-1
3,0,563.26,518.80,50.95,122.84,1,-1,-1,-1
3,1,938.92,547.53,55.64,137.25,1,-1,-1,-1
3,2,984.03,540.04,65.24,138.59,1,-1,-1,-1
3,3,474.60,563.81,56.57,141.87,1,-1,-1,-1
3,4,556.29,302.17,32.52,83.38,1,-1,-1,-1
3,5,1061.75,487.66,42.56,124.80,1,-1,-1,-1
3,6,1289.04,455.15,52.62,114.84,1,-1,-1,-1
3,7,140.22,522.22,51.82,132.36,1,-1,-1,-1
3,8,467.28,432.66,47.88,114.37,1,-1,-1,-1
3,9,1096.02,486.36,63.02,121.08,1,-1,-1,-1
3,10,1382.90,433.41,38.80,108.47,1,-1,-1,-1
3,11,1500.88,447.93,48.45,114.02,1,-1,-1,-1
3,12,1451.65,446.08,40.98,114.81,1,-1,-1,-1
3,13,475.64,381.49,11.78,9.83,1,-1,-1,-1
3,14,1420.81,425.56,31.59,105.90,1,-1,-1,-1
3,15,1424.21,450.52,45.40,109.69,1,-1,-1,-1
3,-1,1519.41,445.75,51.86,112.84,1,-1,-1,-1
4,0,563.46,518.50,52.74,122.82,1,-1,-1,-1
4,1,941.44,547.61,55.00,137.84,1,-1,-1,-1
4,2,986.80,539.61,63.52,138.84,1,-1,-1,-1
4,3,474.69,563.96,57.02,141.77,1,-1,-1,-1
4,4,556.14,301.90,32.70,83.14,1,-1,-1,-1
4,5,1062.80,487.87,42.27,122.68,1,-1,-1,-1
4,6,1289.26,455.40,52.16,114.22,1,-1,-1,-1
4,7,140.81,521.84,51.65,132.05,1,-1,-1,-1
4,8,467.14,433.38,47.94,113.08,1,-1,-1,-1
4,9,1094.96,486.04,63.28,120.63,1,-1,-1,-1
4,10,1383.19,433.38,37.98,108.45,1,-1,-1,-1
4,11,1500.69,448.94,48.80,113.09,1,-1,-1,-1
4,12,1447.82,449.28,43.70,117.13,1,-1,-1,-1
4,13,475.07,381.29,11.99,9.93,1,-1,-1,-1
4,14,1421.54,424.95,32.42,106.00,1,-1,-1,-1
4,15,1423.14,449.57,45.88,111.14,1,-1,-1,-1
4,-1,1519.40,445.78,51.90,112.27,1,-1,-1,-1
4,-1,1479.18,448.07,38.11,117.31,1,-1,-1,-1
5,0,564.44,517.95,53.37,122.85,1,-1,-1,-1
5,1,943.14,547.15,56.45,137.92,1,-1,-1,-1
5,2,987.19,539.65,63.53,138.49,1,-1,-1,-1
5,3,474.78,563.70,57.19,141.85,1,-1,-1,-1
5,4,556.18,301.59,32.83,83.42,1,-1,-1,-1
5,5,1064.26,488.30,40.85,123.06,1,-1,-1,-1
5,6,1290.57,455.04,50.38,114.33,1,-1,-1,-1
5,7,142.40,521.48,50.52,131.81,1,-1,-1,-1
5,8,467.10,433.71,48.39,112.32,1,-1,-1,-1
5,9,1096.10,485.62,59.25,120.94,1,-1,-1,-1
5,10,1382.02,433.04,37.53,107.93,1,-1,-1,-1
5,11,1499.09,448.74,49.85,116.45,1,-1,-1,-1
5,12,1451.07,446.76,41.51,121.58,1,-1,-1,-1
5,13,474.98,381.29,12.10,9.77,1,-1,-1,-1
5,14,1420.78,424.82,33.41,106.64,1,-1,-1,-1
5,15,1422.76,447.98,44.78,112.23,1,-1,-1,-1
5,16,1479.20,447.20,37.41,117.66,1,-1,-1,-1
5,-1,1523.68,445.17,48.75,112.63,1,-1,-1,-1
6,0,565.08,517.89,54.48,123.19,1,-1,-1,-1
6,1,949.82,547.84,53.35,137.37,1,-1,-1,-1
6,2,991.09,539.57,62.26,139.27,1,-1,-1,-1
6,3,474.38,564.12,57.65,142.01,1,-1,-1,-1
6,4,555.84,301.83,33.12,83.50,1,-1,-1,-1
6,5,1064.25,488.08,42.68,124.52,1,-1,-1,-1
6,6,1291.26,455.73,49.81,113.91,1,-1,-1,-1
6,7,143.51,521.66,50.39,131.21,1,-1,-1,-1
6,8,467.36,433.66,48.55,112.58,1,-1,-1,-1
6,9,1094.71,484.43,59.23,121.13,1,-1,-1,-1
6,10,1381.75,432.91,38.40,108.66,1,-1,-1,-1
6,11,1492.91,448.48,56.37,118.68,1,-1,-1,-1
6,12,1449.51,447.00,42.72,122.95,1,-1,-1,-1
6,13,475.18,381.24,11.74,10.10,1,-1,-1,-1
6,14,1420.93,424.94,34.45,106.53,1,-1,-1,-1
6,15,1422.02,447.64,46.48,113.25,1,-1,-1,-1
6,16,1477.58,447.90,39.17,119.19,1,-1,-1,-1
6,-1,1521.31,443.65,51.62,114.56,1,-1,-1,-1
7,0,565.96,517.86,55.63,122.98,1,-1,-1,-1
7,1,954.52,548.00,51.66,138.24,1,-1,-1,-1
7,2,993.14,539.38,63.74,139.78,1,-1,-1,-1
7,3,475.17,563.95,56.48,142.22,1,-1,-1,-1
7,4,556.17,301.79,32.66,83.51,1,-1,-1,-1
7,5,1065.04,486.99,42.97,125.10,1,-1,-1,-1
7,6,1292.20,456.28,48.60,113.67,1,-1,-1,-1
7,7,145.16,521.98,49.44,130.48,1,-1,-1,-1
7,8,468.47,433.86,47.57,112.39,1,-1,-1,-1
7,9,1097.62,483.49,54.79,120.08,1,-1,-1,-1
7,10,1381.63,432.95,38.38,108.98,1,-1,-1,-1
7,11,1492.78,449.54,56.77,117.75,1,-1,-1,-1
7,12,1450.02,446.48,42.08,123.29,1,-1,-1,-1
7,13,475.02,381.22,11.62,10.49,1,-1,-1,-1
7,14,1421.63,425.04,33.96,106.97,1,-1,-1,-1
7,15,1421.60,447.35,45.68,113.38,1,-1,-1,-1
7,16,1479.56,448.99,36.43,118.64,1,-1,-1,-1
7,17,1522.53,443.69,48.98,114.30,1,-1,-1,-1
8,0,567.72,517.75,55.65,122.65,1,-1,-1,-1
8,1,960.02,547.94,49.04,139.14,1,-1,-1,-1
8,2,996.55,539.34,63.68,140.35,1,-1,-1,-1
8,3,475.41,563.62,56.32,142.79,1,-1,-1,-1
8,4,556.49,301.79,32.31,83.74,1,-1,-1,-1
8,5,1065.15,485.57,44.70,120.68,1,-1,-1,-1
8,6,1294.51,456.46,46.13,113.43,1,-1,-1,-1
8,7,145.87,522.21,48.69,130.68,1,-1,-1,-1
8,8,469.34,433.76,46.86,112.87,1,-1,-1,-1
8,9,1097.56,482.06,53.43,120.65,1,-1,-1,-1
8,10,1382.21,433.04,37.29,108.99,1,-1,-1,-1
8,11,1497.43,448.48,51.75,118.47,1,-1,-1,-1
8,12,1450.27,445.14,43.21,125.72,1,-1,-1,-1
8,13,475.20,381.60,11.72,9.89,1,-1,-1,-1
8,14,1421.78,424.50,32.20,105.52,1,-1,-1,-1
8,15,1421.05,448.03,44.13,113.04,1,-1,-1,-1
8,16,1479.15,448.45,36.11,118.65,1,-1,-1,-1
8,17,1525.38,445.22,46.06,113.11,1,-1,-1,-1
9,0,569.17,517.59,55.44,122.60,1,-1,-1,-1
9,1,961.67,548.02,49.87,140.33,1,-1,-1,-1
9,2,997.57,539.25,65.64,140.94,1,-1,-1,-1
9,3,475.79,563.48,55.50,142.58,1,-1,-1,-1
9,4,556.50,301.93,32.47,83.45,1,-1,-1,-1
9,5,1066.54,484.77,44.18,118.37,1,-1,-1,-1
9,6,1296.76,456.41,44.08,113.45,1,-1,-1,-1
9,7,146.54,522.28,49.21,131.07,1,-1,-1,-1
9,8,469.97,433.89,46.75,112.76,1,-1,-1,-1
9,9,1098.52,481.52,51.96,121.48,1,-1,-1,-1
9,10,1382.12,432.49,37.54,109.59,1,-1,-1,-1
9,12,1446.16,446.43,46.71,125.46,1,-1,-1,-1
9,13,475.16,381.44,11.75,9.97,1,-1,-1,-1
9,14,1422.04,424.85,32.60,102.33,1,-1,-1,-1
9,15,1417.98,448.17,45.44,113.64,1,-1,-1,-1
9,16,1477.53,447.98,37.89,119.42,1,-1,-1,-1
9,11,1494.81,447.52,54.76,119.32,1,-1,-1,-1
9,17,1522.31,443.75,48.83,114.58,1,-1,-1,-1
10,0,570.58,517.51,54.33,122.65,1,-1,-1,-1
10,1,963.48,548.84,50.90,139.69,1,-1,-1,-1
10,2,999.86,539.92,67.76,140.06,1,-1,-1,-1
10,3,476.51,564.00,54.50,142.91,1,-1,-1,-1
10,4,556.37,302.18,32.63,83.07,1,-1,-1,-1
10,5,1066.51,482.92,44.24,120.46,1,-1,-1,-1
10,6,1298.36,456.79,42.75,113.12,1,-1,-1,-1
10,7,148.09,522.25,49.37,130.90,1,-1,-1,-1
10,8,471.50,434.47,45.80,112.00,1,-1,-1,-1
10,9,1099.14,481.08,51.68,122.01,1,-1,-1,-1
10,10,1383.05,432.56,38.55,109.58,1,-1,-1,-1
10,12,1445.26,446.72,47.28,126.25,1,-1,-1,-1
10,13,475.46,381.40,11.55,9.94,1,-1,-1,-1
10,14,1419.56,424.27,35.84,101.75,1,-1,-1,-1
10,15,1415.99,449.14,45.41,113.49,1,-1,-1,-1
10,16,1477.24,447.18,38.98,120.19,1,-1,-1,-1
10,17,1525.55,443.26,46.09,114.86,1,-1,-1,-1
10,11,1499.41,448.04,44.82,117.93,1,-1,-1,-1
11,0,572.07,517.42,52.87,122.53,1,-1,-1,-1
11,1,963.76,548.79,52.50,139.41,1,-1,-1,-1
11,2,1002.86,540.60,70.27,140.18,1,-1,-1,-1
11,3,477.03,563.83,53.04,142.39,1,-1,-1,-1
11,4,556.52,301.71,32.48,83.82,1,-1,-1,-1
11,5,1067.20,482.12,42.58,121.30,1,-1,-1,-1
11,6,1296.75,456.84,43.94,112.66,1,-1,-1,-1
11,7,148.38,521.85,50.42,131.37,1,-1,-1,-1
11,8,472.68,434.66,44.42,111.99,1,-1,-1,-1
11,9,1099.23,480.38,51.62,122.32,1,-1,-1,-1
11,10,1383.40,432.33,37.36,109.32,1,-1,-1,-1
11,11,1497.31,448.31,50.08,119.41,1,-1,-1,-1
11,12,1443.88,447.01,46.97,126.17,1,-1,-1,-1
11,13,475.53,381.36,11.50,10.20,1,-1,-1,-1
11,14,1419.86,424.69,34.23,105.20,1,-1,-1,-1
11,15,1410.77,450.08,48.67,113.52,1,-1,-1,-1
11,16,1477.25,446.90,40.27,120.61,1,-1,-1,-1
11,17,1520.90,442.92,50.46,115.28,1,-1,-1,-1
12,0,573.52,517.51,51.09,122.32,1,-1,-1,-1
12,1,964.47,548.83,49.25,139.72,1,-1,-1,-1
12,2,1000.59,540.73,75.80,140.84,1,-1,-1,-1
12,3,477.10,563.84,52.72,142.13,1,-1,-1,-1
12,4,556.33,302.00,32.53,83.38,1,-1,-1,-1
12,5,1066.36,481.28,44.66,122.14,1,-1,-1,-1
12,6,1296.70,456.52,44.28,112.64,1,-1,-1,-1
12,7,149.83,520.02,51.17,132.51,1,-1,-1,-1
12,8,473.46,434.87,44.41,111.84,1,-1,-1,-1
12,9,1099.46,479.72,51.52,121.83,1,-1,-1,-1
12,10,1383.11,431.87,34.25,108.44,1,-1,-1,-1
12,12,1437.50,447.36,51.64,126.20,1,-1,-1,-1
12,13,475.67,381.25,11.30,10.03,1,-1,-1,-1
12,14,1418.11,424.49,34.08,107.37,1,-1,-1,-1
12,15,1405.66,453.66,52.01,111.43,1,-1,-1,-1
12,16,1475.32,445.57,42.53,121.50,1,-1,-1,-1
12,11,1497.32,447.82,44.60,118.93,1,-1,-1,-1
12,17,1517.09,441.87,53.70,115.22,1,-1,-1,-1
13,0,574.91,517.54,49.25,122.09,1,-1,-1,-1
13,1,965.47,549.13,49.02,139.17,1,-1,-1,-1
13,2,1004.47,541.03,74.05,140.93,1,-1,-1,-1
13,3,477.41,564.14,52.48,141.87,1,-1,-1,-1
13,4,555.25,301.67,33.73,83.64,1,-1,-1,-1
13,5,1065.32,481.57,45.78,121.68,1,-1,-1,-1
13,6,1297.10,456.24,43.96,113.20,1,-1,-1,-1
13,7,150.77,518.56,51.73,133.46,1,-1,-1,-1
13,8,473.95,434.70,44.57,111.95,1,-1,-1,-1
13,9,1099.59,479.66,52.07,122.20,1,-1,-1,-1
13,10,1382.95,432.10,34.24,108.20,1,-1,-1,-1
13,11,1492.93,448.17,50.09,117.81,1,-1,-1,-1
13,13,475.58,381.27,11.12,10.21,1,-1,-1,-1
13,14,1417.77,424.72,35.20,109.74,1,-1,-1,-1
13,15,1402.44,457.34,52.33,109.25,1,-1,-1,-1
13,16,1474.36,445.69,41.61,121.22,1,-1,-1,-1
13,17,1517.73,440.47,53.64,116.77,1,-1,-1,-1
14,0,576.09,517.54,47.79,122.21,1,-1,-1,-1
14,1,966.38,548.91,49.24,139.35,1,-1,-1,-1
14,2,1003.44,541.25,78.81,140.81,1,-1,-1,-1
14,3,477.73,564.30,51.84,141.85,1,-1,-1,-1
14,4,555.32,301.79,33.80,83.22,1,-1,-1,-1
14,5,1063.85,481.36,47.23,121.06,1,-1,-1,-1
14,6,1297.84,455.90,42.63,113.88,1,-1,-1,-1
14,7,150.89,517.93,53.25,131.96,1,-1,-1,-1
14,8,475.57,434.38,43.37,112.53,1,-1,-1,-1
14,9,1099.20,479.94,53.03,122.28,1,-1,-1,-1
14,10,1380.91,431.60,35.16,109.05,1,-1,-1,-1
14,12,1434.78,448.65,52.22,124.62,1,-1,-1,-1
14,13,475.46,381.38,11.49,10.15,1,-1,-1,-1
14,14,1415.79,424.70,36.63,111.46,1,-1,-1,-1
14,15,1399.07,456.93,52.69,110.02,1,-1,-1,-1
14,16,1473.16,445.52,41.88,123.05,1,-1,-1,-1
14,17,1519.84,439.66,52.06,118.70,1,-1,-1,-1
14,11,1493.11,447.43,47.52,117.42,1,-1,-1,-1
15,0,577.00,517.41,46.46,122.33,1,-1,-1,-1
15,1,967.10,549.23,51.36,138.81,1,-1,-1,-1
15,2,1007.10,541.64,78.09,140.18,1,-1,-1,-1
15,3,477.27,564.38,52.14,141.50,1,-1,-1,-1
15,4,555.10,301.83,33.65,83.24,1,-1,-1,-1
15,5,1062.51,481.36,48.75,121.06,1,-1,-1,-1
15,6,1300.31,455.54,39.23,113.91,1,-1,-1,-1
15,7,151.45,517.80,54.09,131.21,1,-1,-1,-1
15,8,478.86,434.32,40.17,112.94,1,-1,-1,-1
15,9,1099.19,480.24,53.37,121.28,1,-1,-1,-1
15,10,1381.39,431.63,34.09,109.00,1,-1,-1,-1
15,12,1431.84,448.57,54.15,124.82,1,-1,-1,-1
15,13,475.47,381.24,11.34,10.08,1,-1,-1,-1
15,14,1417.33,424.39,35.16,111.22,1,-1,-1,-1
15,15,1398.04,455.97,51.20,109.75,1,-1,-1,-1
15,16,1472.43,446.44,41.18,122.42,1,-1,-1,-1
15,17,1520.00,439.66,52.51,119.00,1,-1,-1,-1
15,11,1492.74,445.91,41.54,117.86,1,-1,-1,-1
16,0,577.72,517.54,45.33,122.34,1,-1,-1,-1
16,1,968.80,549.36,54.51,139.04,1,-1,-1,-1
16,2,1005.47,541.78,79.16,140.21,1,-1,-1,-1
16,3,477.56,564.43,51.06,141.74,1,-1,-1,-1
16,4,555.04,301.61,33.71,83.72,1,-1,-1,-1
16,5,1060.40,481.84,50.31,120.74,1,-1,-1,-1
16,6,1300.83,455.31,38.77,114.55,1,-1,-1,-1
16,7,151.38,517.28,55.68,131.59,1,-1,-1,-1
16,8,480.49,434.41,38.68,112.69,1,-1,-1,-1
16,9,1098.72,480.13,54.18,120.91,1,-1,-1,-1
16,10,1380.96,431.96,33.51,109.69,1,-1,-1,-1
16,11,1496.33,447.18,36.66,117.45,1,-1,-1,-1
16,12,1432.00,448.87,52.26,124.88,1,-1,-1,-1
16,13,474.90,381.34,11.46,10.03,1,-1,-1,-1
16,14,1417.07,424.30,35.36,109.69,1,-1,-1,-1
16,15,1398.34,455.34,50.65,110.97,1,-1,-1,-1
16,16,1471.49,445.97,40.14,121.77,1,-1,-1,-1
16,17,1522.95,439.11,49.28,119.56,1,-1,-1,-1
17,0,577.60,517.57,44.81,122.11,1,-1,-1,-1
17,1,972.20,548.99,54.77,139.75,1,-1,-1,-1
17,2,1004.36,541.71,80.47,140.71,1,-1,-1,-1
17,3,477.35,564.58,50.79,141.65,1,-1,-1,-1
17,4,554.83,301.68,34.01,83.89,1,-1,-1,-1
17,5,1059.05,481.46,51.80,122.97,1,-1,-1,-1
17,6,1302.33,455.12,36.93,114.57,1,-1,-1,-1
17,7,151.17,517.36,56.45,131.19,1,-1,-1,-1
17,8,481.68,434.48,38.23,112.80,1,-1,-1,-1
17,9,1098.41,479.73,55.11,121.20,1,-1,-1,-1
17,10,1380.74,432.06,33.31,110.17,1,-1,-1,-1
17,11,1496.52,445.64,35.75,118.29,1,-1,-1,-1
17,12,1429.69,449.12,53.87,124.29,1,-1,-1,-1
17,13,474.76,381.32,11.67,10.27,1,-1,-1,-1
17,14,1417.59,424.48,34.83,115.02,1,-1,-1,-1
17,15,1398.03,453.88,51.54,113.64,1,-1,-1,-1
17,17,1522.65,439.37,49.53,118.92,1,-1,-1,-1
17,16,1469.63,447.92,37.63,118.71,1,-1,-1,-1
18,0,577.08,516.88,45.00,122.49,1,-1,-1,-1
18,1,975.59,549.39,53.82,139.46,1,-1,-1,-1
18,2,1009.87,541.84,76.70,140.53,1,-1,-1,-1
18,3,477.27,564.37,50.76,141.74,1,-1,-1,-1
18,4,555.40,301.49,32.94,83.97,1,-1,-1,-1
18,5,1058.97,480.86,51.63,123.64,1,-1,-1,-1
18,6,1303.47,454.92,34.76,114.39,1,-1,-1,-1
18,7,151.38,516.68,56.17,132.01,1,-1,-1,-1
18,8,483.19,433.96,35.85,113.21,1,-1,-1,-1
18,9,1099.76,479.01,54.44,120.40,1,-1,-1,-1
18,10,1380.82,432.23,33.48,109.90,1,-1,-1,-1
18,11,1495.52,445.47,37.40,119.92,1,-1,-1,-1
18,12,1430.14,448.05,51.62,124.71,1,-1,-1,-1
18,13,474.55,381.08,11.54,10.17,1,-1,-1,-1
18,14,1416.65,423.77,34.37,111.39,1,-1,-1,-1
18,15,1399.20,453.23,50.21,114.16,1,-1,-1,-1
18,16,1467.77,448.39,38.85,118.83,1,-1,-1,-1
18,17,1523.54,438.91,48.95,118.94,1,-1,-1,-1
19,0,576.30,516.84,45.63,122.41,1,-1,-1,-1
19,1,978.46,549.73,51.83,138.81,1,-1,-1,-1
19,2,1014.39,542.28,74.08,139.76,1,-1,-1,-1
19,3,477.33,564.61,50.40,141.48,1,-1,-1,-1
19,4,555.71,301.64,32.19,83.36,1,-1,-1,-1
19,5,1058.88,479.84,51.35,124.01,1,-1,-1,-1
19,6,1303.63,454.88,33.81,114.22,1,-1,-1,-1
19,7,151.50,516.30,55.88,132.04,1,-1,-1,-1
19,8,483.48,434.12,35.25,113.14,1,-1,-1,-1
19,9,1099.13,478.14,55.78,118.40,1,-1,-1,-1
19,10,1380.68,432.39,34.02,109.95,1,-1,-1,-1
19,11,1490.34,445.17,41.39,117.66,1,-1,-1,-1
19,12,1432.04,446.27,47.19,126.67,1,-1,-1,-1
19,13,473.57,380.83,12.30,10.54,1,-1,-1,-1
19,14,1416.63,424.38,34.10,113.20,1,-1,-1,-1
19,15,1399.48,453.37,49.74,113.28,1,-1,-1,-1
19,16,1465.64,448.38,40.41,117.91,1,-1,-1,-1
19,17,1526.37,439.57,46.66,117.79,1,-1,-1,-1
20,0,576.28,516.37,45.91,122.58,1,-1,-1,-1
20,1,980.33,549.69,49.88,138.20,1,-1,-1,-1
20,2,1017.98,542.14,72.78,139.85,1,-1,-1,-1
20,3,477.96,564.45,49.57,141.54,1,-1,-1,-1
20,4,555.37,301.39,32.52,83.55,1,-1,-1,-1
20,5,1059.64,479.15,48.96,121.28,1,-1,-1,-1
20,6,1303.59,454.30,33.22,114.41,1,-1,-1,-1
20,7,151.69,516.28,55.60,131.87,1,-1,-1,-1
20,8,483.48,433.94,35.44,113.42,1,-1,-1,-1
20,9,1097.43,477.36,57.83,119.83,1,-1,-1,-1
20,10,1380.80,432.39,34.68,109.88,1,-1,-1,-1
20,11,1490.39,445.45,41.89,116.96,1,-1,-1,-1
20,12,1431.17,447.84,47.36,124.63,1,-1,-1,-1
20,13,474.03,381.13,11.86,9.92,1,-1,-1,-1
20,14,1416.27,424.09,35.65,112.50,1,-1,-1,-1
20,15,1399.34,453.10,50.62,113.37,1,-1,-1,-1
20,17,1528.36,440.16,45.98,117.21,1,-1,-1,-1
20,16,1467.39,448.36,36.23,118.27,1,-1,-1,-1
21,0,575.03,516.11,46.57,123.06,1,-1,-1,-1
21,1,980.16,549.01,53.50,138.69,1,-1,-1,-1
21,2,1019.45,541.62,71.47,140.39,1,-1,-1,-1
21,3,477.39,564.31,49.82,141.68,1,-1,-1,-1
21,4,555.23,301.52,32.24,83.58,1,-1,-1,-1
21,5,1060.77,478.65,47.09,123.86,1,-1,-1,-1
21,6,1302.83,452.30,33.34,116.35,1,-1,-1,-1
21,7,151.62,516.15,54.72,131.84,1,-1,-1,-1
21,8,483.46,433.88,35.68,113.27,1,-1,-1,-1
21,9,1096.14,476.74,59.88,120.75,1,-1,-1,-1
21,10,1381.09,432.41,34.04,110.03,1,-1,-1,-1
21,12,1432.09,446.50,42.22,126.15,1,-1,-1,-1
21,13,473.70,381.16,11.75,9.99,1,-1,-1,-1
21,14,1416.22,423.79,35.07,111.62,1,-1,-1,-1
21,15,1399.28,451.81,52.42,115.15,1,-1,-1,-1
21,16,1462.97,447.91,41.19,119.16,1,-1,-1,-1
21,17,1530.20,440.79,44.22,116.39,1,-1,-1,-1
21,11,1491.11,445.47,40.79,116.16,1,-1,-1,-1
22,0,574.09,515.84,46.74,122.85,1,-1,-1,-1
22,1,980.45,549.84,60.81,137.79,1,-1,-1,-1
22,2,1023.01,541.14,70.00,140.69,1,-1,-1,-1
22,3,476.90,564.14,50.63,141.94,1,-1,-1,-1
22,4,553.50,301.14,33.49,84.35,1,-1,-1,-1
22,5,1061.35,477.54,46.68,121.20,1,-1,-1,-1
22,6,1301.52,452.98,34.19,115.11,1,-1,-1,-1
22,7,151.44,516.19,53.97,131.49,1,-1,-1,-1
22,8,483.01,433.86,38.05,112.93,1,-1,-1,-1
22,9,1096.62,475.64,61.41,120.73,1,-1,-1,-1
22,10,1381.14,433.01,34.25,109.62,1,-1,-1,-1
22,11,1489.90,445.04,41.88,117.50,1,-1,-1,-1
22,12,1430.80,445.87,44.20,126.87,1,-1,-1,-1
22,13,473.41,381.30,11.83,9.80,1,-1,-1,-1
22,14,1415.70,422.97,35.56,114.65,1,-1,-1,-1
22,15,1400.03,451.54,57.95,115.49,1,-1,-1,-1
22,16,1461.66,447.85,41.86,118.80,1,-1,-1,-1
22,17,1530.89,440.38,43.34,117.62,1,-1,-1,-1
23,0,573.03,515.42,47.62,122.73,1,-1,-1,-1
23,1,981.49,550.36,63.41,137.14,1,-1,-1,-1
23,2,1028.05,541.92,65.57,140.11,1,-1,-1,-1
23,3,477.01,564.19,49.55,141.78,1,-1,-1,-1
23,4,553.17,301.37,33.55,84.06,1,-1,-1,-1
23,5,1063.18,476.95,45.03,118.62,1,-1,-1,-1
23,6,1299.54,453.59,35.50,113.92,1,-1,-1,-1
23,7,151.72,516.31,52.33,131.37,1,-1,-1,-1
23,8,483.65,433.93,38.65,112.69,1,-1,-1,-1
23,9,1096.62,475.83,62.92,120.06,1,-1,-1,-1
23,10,1381.51,433.07,33.67,109.59,1,-1,-1,-1
23,11,1491.10,444.50,39.92,119.22,1,-1,-1,-1
23,12,1430.71,445.87,44.25,127.52,1,-1,-1,-1
23,13,472.77,381.12,11.83,10.02,1,-1,-1,-1
23,14,1416.33,423.72,34.49,114.30,1,-1,-1,-1
23,15,1398.85,452.64,56.85,114.07,1,-1,-1,-1
23,16,1461.40,447.43,41.47,119.00,1,-1,-1,-1
23,17,1531.60,441.84,43.02,116.43,1,-1,-1,-1
24,0,572.41,514.66,48.33,123.37,1,-1,-1,-1
24,1,982.25,550.67,62.06,136.96,1,-1,-1,-1
24,2,1032.14,541.71,62.63,140.35,1,-1,-1,-1
24,3,476.72,564.41,49.99,141.67,1,-1,-1,-1
24,4,553.00,301.38,33.04,83.99,1,-1,-1,-1
24,5,1063.39,476.86,44.71,117.56,1,-1,-1,-1
24,6,1297.26,452.27,36.78,114.87,1,-1,-1,-1
24,7,151.45,516.20,51.97,131.38,1,-1,-1,-1
24,8,483.17,433.86,40.86,112.80,1,-1,-1,-1
24,9,1095.91,475.80,65.26,119.56,1,-1,-1,-1
24,10,1380.98,433.36,34.57,109.39,1,-1,-1,-1
24,11,1488.65,445.36,42.06,119.17,1,-1,-1,-1
24,12,1430.14,447.72,43.42,125.87,1,-1,-1,-1
24,13,472.16,381.24,12.19,9.90,1,-1,-1,-1
24,14,1413.95,423.84,38.97,109.82,1,-1,-1,-1
24,15,1400.14,451.28,57.30,115.72,1,-1,-1,-1
24,17,1532.05,441.16,42.20,116.70,1,-1,-1,-1
24,16,1459.58,446.83,40.72,121.35,1,-1,-1,-1
25,0,572.56,514.34,49.34,123.01,1,-1,-1,-1
25,1,983.65,550.70,62.06,137.04,1,-1,-1,-1
25,2,1031.63,541.96,64.57,139.92,1,-1,-1,-1
25,3,476.33,564.70,50.31,141.39,1,-1,-1,-1
25,4,553.24,301.50,32.50,83.81,1,-1,-1,-1
25,5,1063.20,476.69,45.45,114.43,1,-1,-1,-1
25,6,1296.11,452.45,37.29,113.96,1,-1,-1,-1
25,7,151.58,516.41,51.32,130.90,1,-1,-1,-1
25,8,483.54,433.87,40.32,112.71,1,-1,-1,-1
25,9,1095.77,475.65,66.88,119.18,1,-1,-1,-1
25,10,1381.10,433.27,35.52,109.51,1,-1,-1,-1
25,11,1488.50,445.25,41.65,118.89,1,-1,-1,-1
25,13,471.58,381.76,12.31,9.41,1,-1,-1,-1
25,14,1412.43,423.31,38.66,109.79,1,-1,-1,-1
25,15,1402.63,450.21,54.63,116.84,1,-1,-1,-1
25,17,1534.11,441.38,40.05,116.65,1,-1,-1,-1
25,12,1436.84,446.70,55.65,124.31,1,-1,-1,-1
25,16,1456.94,445.43,42.16,122.38,1,-1,-1,-1
26,0,572.75,514.22,49.79,122.68,1,-1,-1,-1
26,1,984.55,550.64,61.52,137.01,1,-1,-1,-1
26,2,1034.71,542.24,62.00,139.84,1,-1,-1,-1
26,3,476.02,564.82,50.42,140.86,1,-1,-1,-1
26,4,551.84,301.34,33.33,84.09,1,-1,-1,-1
26,5,1062.95,476.68,45.73,114.25,1,-1,-1,-1
26,6,1294.76,452.83,37.49,113.64,1,-1,-1,-1
26,7,150.28,515.80,51.89,131.16,1,-1,-1,-1
26,8,483.18,433.50,40.39,113.10,1,-1,-1,-1
26,9,1095.65,475.72,68.51,118.74,1,-1,-1,-1
26,10,1380.92,433.90,36.46,109.02,1,-1,-1,-1
26,11,1486.75,445.10,42.27,118.95,1,-1,-1,-1
26,13,470.73,381.38,12.57,10.18,1,-1,-1,-1
26,14,1412.84,423.50,36.90,110.01,1,-1,-1,-1
26,15,1408.44,448.99,54.60,120.12,1,-1,-1,-1
26,17,1532.37,441.98,41.57,116.16,1,-1,-1,-1
26,16,1458.44,446.13,38.93,123.16,1,-1,-1,-1
27,0,573.21,513.72,50.47,122.75,1,-1,-1,-1
27,1,989.20,549.45,57.26,136.84,1,-1,-1,-1
27,2,1036.95,541.27,61.61,140.97,1,-1,-1,-1
27,3,475.48,564.88,50.44,140.98,1,-1,-1,-1
27,4,551.76,301.70,33.44,83.56,1,-1,-1,-1
27,5,1063.85,476.96,44.96,114.26,1,-1,-1,-1
27,6,1293.63,454.51,37.79,111.25,1,-1,-1,-1
27,7,149.43,515.96,51.70,130.53,1,-1,-1,-1
27,8,483.15,433.62,40.06,113.04,1,-1,-1,-1
27,9,1096.04,476.05,68.63,117.92,1,-1,-1,-1
27,10,1381.44,434.24,34.49,108.89,1,-1,-1,-1
27,11,1486.76,444.39,42.18,119.34,1,-1,-1,-1
27,13,470.68,381.43,12.41,10.14,1,-1,-1,-1
27,14,1413.61,423.14,37.76,110.06,1,-1,-1,-1
27,15,1414.02,449.47,49.32,122.02,1,-1,-1,-1
27,16,1459.17,446.31,38.08,123.37,1,-1,-1,-1
27,17,1533.55,442.38,40.25,115.78,1,-1,-1,-1
28,0,573.55,513.60,50.74,121.99,1,-1,-1,-1
28,1,992.10,548.75,54.43,135.10,1,-1,-1,-1
28,2,1038.58,541.02,62.97,142.23,1,-1,-1,-1
28,3,475.35,564.98,51.34,140.79,1,-1,-1,-1
28,4,551.80,301.61,32.40,83.82,1,-1,-1,-1
28,5,1064.01,477.11,45.35,114.11,1,-1,-1,-1
28,6,1292.39,453.69,38.29,111.32,1,-1,-1,-1
28,7,148.86,514.73,52.48,131.77,1,-1,-1,-1
28,8,483.70,433.34,39.22,113.35,1,-1,-1,-1
28,9,1095.87,476.41,68.61,117.76,1,-1,-1,-1
28,10,1381.52,434.29,34.28,108.79,1,-1,-1,-1
28,11,1478.81,444.24,47.94,119.64,1,-1,-1,-1
28,12,1445.96,445.57,48.04,124.19,1,-1,-1,-1
28,13,470.05,381.47,12.51,10.07,1,-1,-1,-1
28,14,1415.01,422.93,36.07,111.90,1,-1,-1,-1
28,15,1422.47,449.16,50.65,124.01,1,-1,-1,-1
28,17,1529.99,441.68,43.55,116.33,1,-1,-1,-1
28,16,1458.91,446.13,38.60,122.06,1,-1,-1,-1
29,0,573.38,513.23,50.56,122.44,1,-1,-1,-1
29,1,995.02,547.44,52.31,136.03,1,-1,-1,-1
29,2,1039.41,540.58,64.94,143.39,1,-1,-1,-1
29,3,473.55,564.74,53.74,141.40,1,-1,-1,-1
29,4,551.37,301.74,32.74,83.62,1,-1,-1,-1
29,5,1063.72,477.37,46.53,112.58,1,-1,-1,-1
29,6,1288.86,455.07,41.18,109.46,1,-1,-1,-1
29,7,146.86,514.16,53.99,130.74,1,-1,-1,-1
29,8,483.20,433.33,39.52,113.52,1,-1,-1,-1
29,9,1095.62,475.92,68.17,118.23,1,-1,-1,-1
29,10,1380.63,434.20,35.31,109.16,1,-1,-1,-1
29,11,1474.40,444.26,50.69,119.69,1,-1,-1,-1
29,13,469.38,381.66,11.68,9.63,1,-1,-1,-1
29,14,1414.35,423.71,36.92,112.60,1,-1,-1,-1
29,15,1423.37,448.26,54.01,125.36,1,-1,-1,-1
29,17,1527.11,441.57,46.65,116.74,1,-1,-1,-1
29,12,1421.71,449.20,48.33,123.04,1,-1,-1,-1
30,0,573.27,512.62,50.99,122.76,1,-1,-1,-1
30,1,998.12,546.24,50.68,137.04,1,-1,-1,-1
30,2,1038.49,540.03,66.97,143.46,1,-1,-1,-1
30,3,473.04,564.83,54.96,141.27,1,-1,-1,-1
30,4,551.00,301.82,32.72,83.88,1,-1,-1,-1
30,5,1063.97,477.48,45.41,106.45,1,-1,-1,-1
30,6,1286.81,456.64,42.55,108.05,1,-1,-1,-1
30,7,146.12,513.52,55.03,130.28,1,-1,-1,-1
30,8,482.88,433.28,39.17,113.69,1,-1,-1,-1
30,9,1097.12,475.54,64.53,117.88,1,-1,-1,-1
30,10,1380.58,434.64,35.35,108.65,1,-1,-1,-1
30,11,1477.07,443.73,46.21,120.07,1,-1,-1,-1
30,12,1422.92,448.21,51.28,124.49,1,-1,-1,-1
30,13,469.05,381.48,12.05,10.01,1,-1,-1,-1
30,14,1414.51,423.96,34.00,110.92,1,-1,-1,-1
30,17,1525.50,441.65,48.04,116.26,1,-1,-1,-1
31,0,573.46,512.41,51.30,122.52,1,-1,-1,-1
31,1,1006.61,545.83,44.54,136.83,1,-1,-1,-1
31,2,1038.11,538.51,67.43,146.11,1,-1,-1,-1
31,3,473.14,564.60,54.84,141.53,1,-1,-1,-1
31,4,550.88,301.69,32.91,83.82,1,-1,-1,-1
31,5,1064.75,477.03,44.11,107.32,1,-1,-1,-1
31,6,1285.62,456.39,43.12,108.16,1,-1,-1,-1
31,7,145.72,513.17,55.30,128.57,1,-1,-1,-1
31,8,483.22,433.17,38.92,113.91,1,-1,-1,-1
31,9,1099.39,474.45,60.48,116.98,1,-1,-1,-1
31,10,1380.48,434.94,35.25,108.10,1,-1,-1,-1
31,11,1473.17,443.71,48.83,119.50,1,-1,-1,-1
31,12,1422.94,449.07,54.25,123.04,1,-1,-1,-1
31,13,468.95,381.22,11.50,10.10,1,-1,-1,-1
31,14,1414.53,423.77,33.20,109.52,1,-1,-1,-1
31,17,1525.61,441.59,46.95,116.09,1,-1,-1,-1
31,15,1436.51,446.31,54.07,121.60,1,-1,-1,-1
32,0,574.32,512.23,50.69,122.18,1,-1,-1,-1
32,1,1008.04,545.46,47.47,137.31,1,-1,-1,-1
32,2,1034.48,541.19,69.96,144.88,1,-1,-1,-1
32,3,472.89,564.53,55.21,141.37,1,-1,-1,-1
32,4,548.58,301.82,35.07,83.44,1,-1,-1,-1
32,5,1064.78,476.39,45.73,110.15,1,-1,-1,-1
32,6,1285.19,456.47,42.95,107.73,1,-1,-1,-1
32,7,145.92,512.83,55.44,129.50,1,-1,-1,-1
32,8,483.48,433.04,38.35,114.00,1,-1,-1,-1
32,9,1100.50,472.87,57.87,117.14,1,-1,-1,-1
32,10,1379.74,434.22,36.25,109.07,1,-1,-1,-1
32,11,1472.91,444.24,47.47,117.47,1,-1,-1,-1
32,12,1423.03,450.14,54.98,122.55,1,-1,-1,-1
32,13,468.94,381.07,11.34,10.09,1,-1,-1,-1
32,14,1415.35,423.64,32.26,108.46,1,-1,-1,-1
32,16,1454.13,445.56,38.27,118.70,1,-1,-1,-1
32,17,1523.71,441.63,47.68,115.96,1,-1,-1,-1
33,0,574.41,512.27,50.85,122.06,1,-1,-1,-1
33,1,1010.57,545.46,48.17,137.22,1,-1,-1,-1
33,2,1029.20,540.43,76.09,145.95,1,-1,-1,-1
33,3,472.66,564.86,54.83,141.32,1,-1,-1,-1
33,4,548.89,301.67,34.17,83.89,1,-1,-1,-1
33,5,1065.89,475.21,45.38,102.13,1,-1,-1,-1
33,6,1285.71,456.28,40.87,107.70,1,-1,-1,-1
33,7,146.13,512.47,55.22,130.08,1,-1,-1,-1
33,8,482.79,433.17,38.60,113.97,1,-1,-1,-1
33,9,1101.65,471.58,54.99,118.51,1,-1,-1,-1
33,10,1379.75,434.27,36.11,109.15,1,-1,-1,-1
33,11,1473.15,443.48,45.37,119.11,1,-1,-1,-1
33,12,1421.91,450.07,55.46,123.65,1,-1,-1,-1
33,13,468.50,381.21,11.65,10.33,1,-1,-1,-1
33,14,1415.68,422.98,31.32,109.34,1,-1,-1,-1
33,16,1453.99,445.36,36.85,117.62,1,-1,-1,-1
33,17,1520.33,442.08,49.87,115.74,1,-1,-1,-1
34,0,574.85,512.65,50.73,121.48,1,-1,-1,-1
34,1,1011.21,546.16,52.42,137.03,1,-1,-1,-1
34,2,1029.17,541.88,77.94,144.45,1,-1,-1,-1
34,3,472.83,564.98,53.53,140.98,1,-1,-1,-1
34,4,549.30,301.83,33.71,83.85,1,-1,-1,-1
34,5,1065.39,473.99,46.78,105.94,1,-1,-1,-1
34,6,1284.18,455.07,40.98,108.90,1,-1,-1,-1
34,7,145.80,512.24,55.23,129.57,1,-1,-1,-1
34,8,482.65,433.12,38.85,114.25,1,-1,-1,-1
34,9,1101.40,470.68,54.63,119.11,1,-1,-1,-1
34,10,1379.49,434.54,35.94,108.95,1,-1,-1,-1
34,11,1472.05,442.89,45.27,119.75,1,-1,-1,-1
34,12,1421.47,450.86,50.20,123.74,1,-1,-1,-1
34,13,467.71,381.25,11.77,10.09,1,-1,-1,-1
34,14,1415.09,422.57,30.53,109.57,1,-1,-1,-1
34,17,1521.03,441.24,48.56,116.37,1,-1,-1,-1
34,16,1445.59,448.03,45.70,122.48,1,-1,-1,-1
35,0,575.11,513.28,50.46,121.10,1,-1,-1,-1
35,1,1011.40,546.68,57.26,135.87,1,-1,-1,-1
35,2,1032.26,550.31,75.71,135.71,1,-1,-1,-1
35,3,471.61,564.67,54.58,142.01,1,-1,-1,-1
35,4,549.18,301.99,32.74,83.79,1,-1,-1,-1
35,5,1063.96,473.66,49.06,112.76,1,-1,-1,-1
35,6,1283.41,454.78,40.17,109.14,1,-1,-1,-1
35,7,146.97,512.20,53.96,129.09,1,-1,-1,-1
35,8,482.62,432.85,38.35,114.60,1,-1,-1,-1
35,9,1101.15,470.06,54.04,119.03,1,-1,-1,-1
35,10,1379.29,434.27,36.14,109.21,1,-1,-1,-1
35,11,1469.68,443.49,47.37,119.80,1,-1,-1,-1
35,12,1419.38,450.03,50.73,124.38,1,-1,-1,-1
35,13,467.47,381.10,11.77,10.12,1,-1,-1,-1
35,14,1414.78,422.79,30.73,109.67,1,-1,-1,-1
35,16,1442.95,448.70,47.74,122.26,1,-1,-1,-1
35,17,1519.50,441.29,49.61,116.52,1,-1,-1,-1
36,0,575.85,513.38,49.95,120.86,1,-1,-1,-1
36,1,1013.07,547.85,61.58,134.37,1,-1,-1,-1
36,2,1039.27,547.60,70.76,139.25,1,-1,-1,-1
36,3,471.88,564.32,53.20,141.87,1,-1,-1,-1
36,4,549.68,302.14,32.75,83.74,1,-1,-1,-1
36,5,1064.16,473.10,48.67,108.96,1,-1,-1,-1
36,6,1283.64,454.81,38.67,108.52,1,-1,-1,-1
36,7,147.69,512.05,52.65,128.71,1,-1,-1,-1
36,8,483.24,432.80,37.65,114.41,1,-1,-1,-1
36,9,1103.81,470.16,51.54,118.52,1,-1,-1,-1
36,10,1379.36,434.33,36.30,108.93,1,-1,-1,-1
36,11,1471.26,443.60,46.42,120.33,1,-1,-1,-1
36,12,1419.01,449.28,50.00,125.38,1,-1,-1,-1
36,13,467.38,380.91,11.74,10.28,1,-1,-1,-1
36,14,1414.66,422.82,31.01,109.26,1,-1,-1,-1
36,16,1446.09,446.15,44.84,123.43,1,-1,-1,-1
36,17,1521.59,442.12,46.83,115.74,1,-1,-1,-1
37,0,577.37,513.05,48.76,120.69,1,-1,-1,-1
37,1,1014.23,548.96,65.45,133.11,1,-1,-1,-1
37,2,1039.41,546.24,71.65,140.50,1,-1,-1,-1
37,3,472.64,564.26,51.54,141.72,1,-1,-1,-1
37,4,549.61,302.07,31.69,83.78,1,-1,-1,-1
37,5,1062.48,473.39,50.73,108.94,1,-1,-1,-1
37,6,1283.02,454.12,38.70,108.64,1,-1,-1,-1
37,7,148.79,512.25,51.21,128.28,1,-1,-1,-1
37,8,483.38,433.10,37.24,113.91,1,-1,-1,-1
37,9,1104.28,470.16,51.58,117.69,1,-1,-1,-1
37,10,1378.80,434.42,35.88,108.74,1,-1,-1,-1
37,11,1471.65,444.06,46.82,118.87,1,-1,-1,-1
37,12,1419.45,449.21,44.19,123.04,1,-1,-1,-1
37,13,467.28,381.11,11.64,9.96,1,-1,-1,-1
37,14,1414.62,422.71,30.90,108.48,1,-1,-1,-1
37,17,1518.53,441.92,48.59,115.50,1,-1,-1,-1
38,0,577.77,512.90,49.17,120.85,1,-1,-1,-1
38,1,1013.46,549.48,68.90,132.66,1,-1,-1,-1
38,2,1049.51,543.45,64.48,143.76,1,-1,-1,-1
38,3,471.46,564.38,53.25,142.18,1,-1,-1,-1
38,4,549.21,302.13,31.41,84.84,1,-1,-1,-1
38,5,1058.59,473.44,55.38,107.99,1,-1,-1,-1
38,6,1282.31,454.49,39.42,108.58,1,-1,-1,-1
38,7,149.04,512.51,51.38,128.14,1,-1,-1,-1
38,8,483.26,432.93,37.76,114.24,1,-1,-1,-1
38,9,1103.79,470.29,52.60,118.82,1,-1,-1,-1
38,10,1375.42,434.52,41.82,109.01,1,-1,-1,-1
38,11,1474.28,446.03,44.62,117.74,1,-1,-1,-1
38,12,1419.49,448.14,44.02,122.92,1,-1,-1,-1
38,13,467.60,381.53,10.93,9.18,1,-1,-1,-1
38,14,1413.75,423.25,35.82,108.29,1,-1,-1,-1
38,17,1514.57,442.06,51.69,116.10,1,-1,-1,-1
39,0,577.20,512.54,49.23,120.98,1,-1,-1,-1
39,1,1014.37,549.27,66.60,132.39,1,-1,-1,-1
39,2,1056.63,543.86,57.87,143.70,1,-1,-1,-1
39,3,471.52,564.63,51.93,141.88,1,-1,-1,-1
39,4,548.82,302.00,31.52,84.51,1,-1,-1,-1
39,5,1055.83,473.64,57.96,105.96,1,-1,-1,-1
39,6,1281.89,453.58,38.40,109.34,1,-1,-1,-1
39,7,149.63,512.37,50.15,128.00,1,-1,-1,-1
39,8,483.33,432.82,37.46,114.23,1,-1,-1,-1
39,9,1102.80,470.57,54.37,118.16,1,-1,-1,-1
39,10,1374.98,435.05,42.48,108.21,1,-1,-1,-1
39,11,1472.92,445.47,46.05,118.59,1,-1,-1,-1
39,13,466.98,381.59,10.97,8.98,1,-1,-1,-1
39,14,1413.38,423.25,37.34,107.04,1,-1,-1,-1
39,16,1439.18,447.90,49.84,120.56,1,-1,-1,-1
39,17,1514.36,442.05,50.70,115.93,1,-1,-1,-1
39,12,1419.85,447.63,41.71,120.55,1,-1,-1,-1
39,-1,1418.99,450.26,43.78,119.53,1,-1,-1,-1
40,0,576.88,512.24,49.42,120.71,1,-1,-1,-1
40,1,1015.66,548.70,63.28,132.72,1,-1,-1,-1
40,2,1058.91,542.50,57.79,144.64,1,-1,-1,-1
40,3,470.90,564.58,51.98,142.08,1,-1,-1,-1
40,4,548.72,302.25,31.74,84.75,1,-1,-1,-1
40,5,1055.33,473.74,59.43,102.52,1,-1,-1,-1
40,6,1281.57,452.55,38.35,110.05,1,-1,-1,-1
40,7,150.02,512.52,49.06,128.73,1,-1,-1,-1
40,8,483.84,432.99,36.99,113.81,1,-1,-1,-1
40,9,1104.20,470.51,53.93,117.40,1,-1,-1,-1
40,10,1374.39,434.45,42.89,108.65,1,-1,-1,-1
40,11,1476.02,446.36,43.17,117.41,1,-1,-1,-1
40,13,466.51,381.26,11.49,9.73,1,-1,-1,-1
40,14,1413.90,422.48,35.76,106.80,1,-1,-1,-1
40,16,1440.85,447.60,47.59,119.54,1,-1,-1,-1
40,17,1512.89,441.97,51.46,116.04,1,-1,-1,-1
40,12,1418.68,446.44,40.78,123.12,1,-1,-1,-1
40,-1,1418.39,449.07,42.81,119.62,1,-1,-1,-1
41,0,576.54,511.92,49.44,120.32,1,-1,-1,-1
41,1,1017.95,548.78,61.83,132.89,1,-1,-1,-1
41,2,1064.83,542.35,53.47,143.47,1,-1,-1,-1
41,3,470.87,564.73,51.28,141.95,1,-1,-1,-1
41,4,548.61,302.10,31.63,84.51,1,-1,-1,-1
41,5,1055.61,474.30,60.29,102.34,1,-1,-1,-1
41,6,1280.92,452.07,37.38,110.37,1,-1,-1,-1
41,7,150.22,512.58,48.10,128.83,1,-1,-1,-1
41,8,483.56,433.10,38.13,113.24,1,-1,-1,-1
41,9,1107.29,470.81,50.55,116.20,1,-1,-1,-1
41,10,1374.18,434.50,43.41,108.56,1,-1,-1,-1
41,11,1477.63,448.67,43.07,114.79,1,-1,-1,-1
41,12,1418.96,448.26,48.24,119.46,1,-1,-1,-1
41,13,466.42,381.32,11.51,9.76,1,-1,-1,-1
41,14,1414.09,422.70,34.80,105.84,1,-1,-1,-1
41,17,1510.92,441.67,51.70,115.90,1,-1,-1,-1
41,15,1460.35,445.57,40.21,115.58,1,-1,-1,-1
41,16,1437.88,447.78,47.23,118.99,1,-1,-1,-1
42,0,576.02,511.77,49.34,120.42,1,-1,-1,-1
42,1,1021.35,548.49,62.34,132.84,1,-1,-1,-1
42,2,1071.57,543.29,48.53,140.80,1,-1,-1,-1
42,3,470.39,564.78,51.11,141.80,1,-1,-1,-1
42,4,548.78,302.07,30.79,84.50,1,-1,-1,-1
42,5,1055.98,474.07,59.87,101.71,1,-1,-1,-1
42,6,1281.07,452.23,36.57,109.89,1,-1,-1,-1
42,7,150.84,512.58,47.38,128.52,1,-1,-1,-1
42,8,483.94,432.90,37.56,113.32,1,-1,-1,-1
42,9,1107.07,470.41,51.56,115.14,1,-1,-1,-1
42,10,1373.18,434.20,44.73,108.88,1,-1,-1,-1
42,11,1480.29,450.41,42.09,112.96,1,-1,-1,-1
42,13,465.93,381.15,12.05,10.28,1,-1,-1,-1
42,14,1413.99,422.84,35.25,105.49,1,-1,-1,-1
42,17,1507.53,441.15,53.77,116.65,1,-1,-1,-1
42,12,1416.63,451.80,41.63,116.66,1,-1,-1,-1
42,15,1459.34,445.23,38.74,117.80,1,-1,-1,-1
42,16,1419.51,449.45,53.80,117.45,1,-1,-1,-1
43,0,575.54,511.28,49.59,120.25,1,-1,-1,-1
43,1,1026.34,545.44,62.84,134.86,1,-1,-1,-1
43,2,1074.71,543.71,48.06,138.35,1,-1,-1,-1
43,3,470.81,564.71,49.74,141.91,1,-1,-1,-1
43,4,548.47,301.86,30.89,84.62,1,-1,-1,-1
43,5,1057.45,473.98,58.92,98.67,1,-1,-1,-1
43,6,1281.48,451.70,36.20,110.50,1,-1,-1,-1
43,7,151.67,512.64,46.50,128.31,1,-1,-1,-1
43,8,483.92,432.72,37.45,113.35,1,-1,-1,-1
43,9,1109.04,470.26,50.41,114.31,1,-1,-1,-1
43,10,1372.81,434.00,42.48,109.14,1,-1,-1,-1
43,11,1480.16,448.00,42.46,116.04,1,-1,-1,-1
43,12,1414.37,448.86,40.65,119.48,1,-1,-1,-1
43,13,466.16,381.51,11.70,9.82,1,-1,-1,-1
43,14,1413.57,422.70,34.85,106.54,1,-1,-1,-1
43,16,1418.78,448.73,58.09,118.17,1,-1,-1,-1
43,17,1504.45,441.52,54.58,116.44,1,-1,-1,-1
43,15,1460.11,445.40,39.31,119.94,1,-1,-1,-1
44,0,575.73,511.22,49.23,120.42,1,-1,-1,-1
44,1,1034.50,545.82,57.19,134.18,1,-1,-1,-1
44,2,1077.60,544.26,47.40,137.61,1,-1,-1,-1
44,3,470.03,564.70,50.61,142.10,1,-1,-1,-1
44,4,547.96,301.72,30.22,84.80,1,-1,-1,-1
44,5,1059.76,473.47,58.13,102.17,1,-1,-1,-1
44,6,1280.30,452.11,37.27,109.84,1,-1,-1,-1
44,7,151.61,512.17,47.22,128.72,1,-1,-1,-1
44,8,484.23,432.51,37.77,113.68,1,-1,-1,-1
44,9,1110.03,469.45,49.92,113.61,1,-1,-1,-1
44,10,1371.50,434.09,42.24,108.99,1,-1,-1,-1
44,11,1480.77,447.81,40.23,115.66,1,-1,-1,-1
44,12,1412.84,449.68,42.31,118.48,1,-1,-1,-1
44,13,466.04,381.39,11.69,9.90,1,-1,-1,-1
44,14,1413.68,422.01,34.97,104.73,1,-1,-1,-1
44,17,1506.60,441.57,53.57,116.99,1,-1,-1,-1
44,16,1414.56,446.57,44.72,120.41,1,-1,-1,-1
45,0,575.92,510.63,48.93,120.76,1,-1,-1,-1
45,1,1039.05,547.30,55.17,132.53,1,-1,-1,-1
45,2,1078.44,543.94,51.31,137.45,1,-1,-1,-1
45,3,469.55,564.59,50.58,142.07,1,-1,-1,-1
45,4,547.16,301.70,30.55,84.93,1,-1,-1,-1
45,5,1062.36,472.68,56.71,98.45,1,-1,-1,-1
45,6,1279.50,452.23,38.33,109.70,1,-1,-1,-1
45,7,152.14,511.68,47.78,129.42,1,-1,-1,-1
45,8,484.18,432.54,38.25,113.52,1,-1,-1,-1
45,9,1110.93,468.29,50.73,114.84,1,-1,-1,-1
45,10,1371.80,434.23,41.46,108.70,1,-1,-1,-1
45,11,1479.61,448.40,41.34,114.90,1,-1,-1,-1
45,12,1410.20,448.89,44.15,119.34,1,-1,-1,-1
45,13,466.13,381.42,11.59,9.65,1,-1,-1,-1
45,14,1413.44,422.84,35.78,104.32,1,-1,-1,-1
45,16,1413.25,447.43,47.72,120.19,1,-1,-1,-1
45,17,1504.86,442.35,55.13,116.17,1,-1,-1,-1
45,15,1432.53,445.55,44.97,119.92,1,-1,-1,-1
46,0,576.15,510.58,48.45,120.59,1,-1,-1,-1
46,1,1045.31,541.89,52.74,137.56,1,-1,-1,-1
46,2,1079.39,541.27,55.18,140.00,1,-1,-1,-1
46,3,469.59,564.63,50.85,142.11,1,-1,-1,-1
46,4,547.05,301.69,29.56,84.89,1,-1,-1,-1
46,5,1067.03,471.40,52.76,100.33,1,-1,-1,-1
46,6,1278.13,451.78,40.07,110.21,1,-1,-1,-1
46,7,152.32,511.36,48.56,129.14,1,-1,-1,-1
46,8,485.26,432.86,37.89,112.96,1,-1,-1,-1
46,9,1111.39,466.72,53.06,115.48,1,-1,-1,-1
46,10,1370.97,433.99,41.19,108.91,1,-1,-1,-1
46,11,1480.32,447.46,39.19,115.22,1,-1,-1,-1
46,12,1408.94,451.38,44.85,116.26,1,-1,-1,-1
46,13,465.94,381.32,11.86,10.15,1,-1,-1,-1
46,14,1411.88,422.83,35.80,103.64,1,-1,-1,-1
46,17,1506.45,442.86,53.48,115.63,1,-1,-1,-1
46,15,1458.89,446.34,40.89,118.91,1,-1,-1,-1
46,16,1412.42,449.16,49.33,117.23,1,-1,-1,-1
47,0,576.26,510.29,48.05,120.98,1,-1,-1,-1
47,1,1049.20,539.07,50.31,140.40,1,-1,-1,-1
47,2,1081.44,539.97,57.39,140.23,1,-1,-1,-1
47,3,469.28,564.39,51.13,142.54,1,-1,-1,-1
47,4,546.61,301.45,30.05,85.25,1,-1,-1,-1
47,5,1072.19,470.53,48.54,99.28,1,-1,-1,-1
47,6,1276.62,451.77,41.37,110.12,1,-1,-1,-1
47,7,152.15,510.89,49.63,129.12,1,-1,-1,-1
47,8,485.81,432.68,38.15,113.30,1,-1,-1,-1
47,9,1112.98,465.87,55.07,116.27,1,-1,-1,-1
47,10,1370.89,434.18,41.30,108.63,1,-1,-1,-1
47,11,1480.50,447.09,38.81,115.54,1,-1,-1,-1
47,12,1408.87,450.88,42.95,117.35,1,-1,-1,-1
47,13,465.89,381.26,11.94,10.09,1,-1,-1,-1
47,14,1412.82,423.15,35.34,104.25,1,-1,-1,-1
47,17,1507.36,443.51,52.33,114.46,1,-1,-1,-1
47,15,1436.58,446.65,37.15,117.24,1,-1,-1,-1
47,16,1414.21,447.37,46.39,118.66,1,-1,-1,-1
48,0,576.59,510.23,47.20,120.89,1,-1,-1,-1
48,1,1052.70,538.04,49.50,141.29,1,-1,-1,-1
48,2,1081.98,537.90,60.70,141.29,1,-1,-1,-1
48,3,469.15,564.76,50.81,142.07,1,-1,-1,-1
48,4,546.25,301.38,29.82,85.59,1,-1,-1,-1
48,5,1075.20,469.93,47.37,101.42,1,-1,-1,-1
48,6,1274.60,451.44,43.56,110.15,1,-1,-1,-1
48,7,151.58,510.25,51.14,128.76,1,-1,-1,-1
48,8,487.08,432.68,38.04,112.20,1,-1,-1,-1
48,9,1114.09,465.68,55.85,116.39,1,-1,-1,-1
48,10,1370.27,433.84,42.68,109.07,1,-1,-1,-1
48,11,1474.22,446.93,45.13,116.45,1,-1,-1,-1
48,12,1407.19,452.69,45.36,115.15,1,-1,-1,-1
48,13,465.75,381.49,11.95,10.06,1,-1,-1,-1
48,14,1411.72,422.90,35.93,103.50,1,-1,-1,-1
48,16,1409.19,450.63,52.34,117.02,1,-1,-1,-1
48,17,1497.97,443.50,60.55,114.83,1,-1,-1,-1
48,15,1460.71,447.19,45.78,116.75,1,-1,-1,-1
49,0,576.70,510.12,46.84,121.01,1,-1,-1,-1
49,1,1056.58,536.59,50.80,142.79,1,-1,-1,-1
49,2,1082.32,537.51,63.11,137.43,1,-1,-1,-1
49,3,468.86,564.56,51.24,142.25,1,-1,-1,-1
49,4,546.18,301.29,29.93,85.47,1,-1,-1,-1
49,5,1076.97,469.31,48.02,98.96,1,-1,-1,-1
49,6,1274.52,450.88,44.18,110.44,1,-1,-1,-1
49,7,151.55,509.65,52.31,129.22,1,-1,-1,-1
49,8,487.96,432.50,38.30,112.74,1,-1,-1,-1
49,9,1115.09,465.64,59.15,115.57,1,-1,-1,-1
49,10,1370.20,433.47,42.10,109.45,1,-1,-1,-1
49,11,1464.24,447.35,53.99,117.76,1,-1,-1,-1
49,13,465.62,381.55,11.99,9.90,1,-1,-1,-1
49,14,1410.33,422.44,37.57,107.31,1,-1,-1,-1
49,16,1406.30,448.79,51.07,119.35,1,-1,-1,-1
49,17,1498.07,443.06,60.19,114.95,1,-1,-1,-1
49,12,1434.75,447.08,42.23,116.43,1,-1,-1,-1
49,15,1481.69,445.77,37.75,116.57,1,-1,-1,-1
50,0,576.61,510.41,46.66,120.45,1,-1,-1,-1
50,1,1059.21,537.40,52.28,142.09,1,-1,-1,-1
50,2,1082.52,537.37,66.07,137.87,1,-1,-1,-1
50,3,469.20,564.47,50.14,142.46,1,-1,-1,-1
50,4,546.17,301.15,30.13,86.18,1,-1,-1,-1
50,5,1077.78,469.16,49.29,96.51,1,-1,-1,-1
50,6,1272.99,450.62,45.91,110.89,1,-1,-1,-1
50,7,151.12,509.03,53.33,129.89,1,-1,-1,-1
50,8,489.86,432.80,36.49,112.67,1,-1,-1,-1
50,9,1116.18,465.49,60.88,115.14,1,-1,-1,-1
50,10,1369.63,433.53,43.79,109.37,1,-1,-1,-1
50,11,1464.96,447.27,53.53,117.22,1,-1,-1,-1
50,13,465.68,381.55,11.75,9.69,1,-1,-1,-1
50,14,1411.07,422.98,36.66,104.21,1,-1,-1,-1
50,16,1410.44,447.96,47.42,120.32,1,-1,-1,-1
50,17,1497.54,443.19,60.56,115.90,1,-1,-1,-1
50,12,1416.05,449.62,52.19,117.48,1,-1,-1,-1
50,15,1478.38,445.63,40.41,115.78,1,-1,-1,-1
50,-1,1436.01,448.58,40.74,114.95,1,-1,-1,-1
51,0,576.22,510.72,46.70,120.40,1,-1,-1,-1
51,1,1064.82,537.97,56.78,137.95,1,-1,-1,-1
51,2,1086.50,540.32,64.25,136.35,1,-1,-1,-1
51,3,468.89,564.98,50.36,142.17,1,-1,-1,-1
51,4,546.35,301.06,29.97,86.17,1,-1,-1,-1
51,5,1077.67,469.49,54.12,99.39,1,-1,-1,-1
51,6,1273.10,450.43,46.46,111.05,1,-1,-1,-1
51,7,150.39,508.64,55.10,130.14,1,-1,-1,-1
51,8,490.78,432.85,36.27,112.84,1,-1,-1,-1
51,9,1117.75,466.03,62.78,114.19,1,-1,-1,-1
51,10,1370.36,433.68,42.21,109.34,1,-1,-1,-1
51,11,1465.70,447.84,52.62,117.43,1,-1,-1,-1
51,13,465.56,381.68,11.88,9.50,1,-1,-1,-1
51,14,1411.69,423.20,36.19,104.26,1,-1,-1,-1
51,16,1409.93,448.12,47.55,119.83,1,-1,-1,-1
51,17,1500.41,442.72,56.62,115.91,1,-1,-1,-1
51,12,1438.02,448.33,40.50,113.64,1,-1,-1,-1
51,15,1481.37,445.27,37.53,116.13,1,-1,-1,-1
52,0,575.78,510.32,47.41,120.69,1,-1,-1,-1
52,1,1069.90,536.70,51.00,138.13,1,-1,-1,-1
52,2,1087.43,540.89,66.47,135.71,1,-1,-1,-1
52,3,468.39,565.00,51.10,142.01,1,-1,-1,-1
52,4,546.02,301.05,30.28,86.34,1,-1,-1,-1
52,5,1076.89,469.73,58.17,109.37,1,-1,-1,-1
52,6,1272.47,450.08,47.08,111.43,1,-1,-1,-1
52,7,149.21,508.25,56.35,130.41,1,-1,-1,-1
52,8,491.15,433.22,36.65,112.14,1,-1,-1,-1
52,9,1120.72,466.35,61.29,112.44,1,-1,-1,-1
52,10,1370.93,433.42,42.05,109.51,1,-1,-1,-1
52,11,1465.23,447.28,53.56,118.27,1,-1,-1,-1
52,13,465.14,381.53,12.34,9.54,1,-1,-1,-1
52,14,1411.21,422.72,37.99,102.88,1,-1,-1,-1
52,16,1409.92,448.19,46.54,120.32,1,-1,-1,-1
52,17,1500.17,443.54,57.49,116.16,1,-1,-1,-1
52,12,1413.66,448.10,49.75,117.45,1,-1,-1,-1
52,15,1481.71,444.47,38.03,117.50,1,-1,-1,-1
53,0,575.27,509.97,48.05,120.29,1,-1,-1,-1
53,1,1074.51,537.53,45.73,134.32,1,-1,-1,-1
53,2,1092.93,540.35,62.70,136.07,1,-1,-1,-1
53,3,467.70,565.14,51.73,141.76,1,-1,-1,-1
53,4,545.33,300.88,31.27,86.00,1,-1,-1,-1
53,5,1076.70,469.71,61.30,111.22,1,-1,-1,-1
53,6,1271.92,450.51,48.27,111.32,1,-1,-1,-1
53,7,148.63,507.84,57.01,130.04,1,-1,-1,-1
53,8,491.57,432.67,38.49,112.48,1,-1,-1,-1
53,9,1124.13,466.18,59.84,112.24,1,-1,-1,-1
53,10,1371.43,433.45,41.05,109.68,1,-1,-1,-1
53,11,1463.09,446.86,56.07,119.00,1,-1,-1,-1
53,13,465.19,381.42,12.22,9.53,1,-1,-1,-1
53,16,1409.91,446.53,46.61,121.91,1,-1,-1,-1
53,17,1498.17,442.70,59.60,116.89,1,-1,-1,-1
53,12,1413.67,446.06,50.95,119.11,1,-1,-1,-1
53,14,1410.23,422.97,38.84,107.52,1,-1,-1,-1
53,15,1483.81,444.56,38.08,118.83,1,-1,-1,-1
54,0,575.36,509.82,47.77,120.09,1,-1,-1,-1
54,1,1083.26,544.62,45.48,127.19,1,-1,-1,-1
54,2,1100.08,542.06,59.47,133.73,1,-1,-1,-1
54,3,467.53,565.18,51.60,141.50,1,-1,-1,-1
54,4,545.55,301.18,30.32,85.70,1,-1,-1,-1
54,5,1074.07,469.72,65.21,111.96,1,-1,-1,-1
54,6,1272.68,449.58,48.27,112.08,1,-1,-1,-1
54,7,147.22,507.63,58.01,129.66,1,-1,-1,-1
54,8,492.20,432.83,41.36,112.22,1,-1,-1,-1
54,9,1126.26,466.42,58.28,111.40,1,-1,-1,-1
54,10,1371.34,433.30,40.88,109.83,1,-1,-1,-1
54,11,1464.42,447.34,54.82,118.86,1,-1,-1,-1
54,13,464.76,381.40,12.42,9.58,1,-1,-1,-1
54,14,1410.60,423.04,38.90,107.65,1,-1,-1,-1
54,16,1409.32,446.68,47.40,121.44,1,-1,-1,-1
54,17,1498.75,442.92,58.96,116.35,1,-1,-1,-1
54,12,1436.43,448.64,42.15,115.70,1,-1,-1,-1
55,0,575.23,509.25,47.36,119.65,1,-1,-1,-1
55,1,1084.91,536.95,49.83,135.48,1,-1,-1,-1
55,2,1103.87,542.18,56.99,132.45,1,-1,-1,-1
55,3,468.09,565.28,50.60,141.38,1,-1,-1,-1
55,4,545.84,300.96,30.33,86.03,1,-1,-1,-1
55,5,1076.32,468.04,63.23,113.07,1,-1,-1,-1
55,6,1273.29,448.82,47.13,113.02,1,-1,-1,-1
55,7,147.46,507.71,56.48,128.77,1,-1,-1,-1
55,8,492.40,432.62,44.12,112.27,1,-1,-1,-1
55,9,1130.69,465.86,53.43,111.29,1,-1,-1,-1
55,10,1370.82,432.76,42.32,110.03,1,-1,-1,-1
55,11,1466.57,447.16,53.24,118.16,1,-1,-1,-1
55,12,1436.51,446.66,44.13,117.23,1,-1,-1,-1
55,13,464.41,381.45,12.80,9.53,1,-1,-1,-1
55,14,1411.51,423.88,35.47,107.95,1,-1,-1,-1
55,16,1408.51,445.98,47.29,121.45,1,-1,-1,-1
55,17,1499.47,443.57,58.61,114.73,1,-1,-1,-1
56,0,575.04,508.37,46.94,119.64,1,-1,-1,-1
56,1,1086.87,535.97,52.95,135.83,1,-1,-1,-1
56,2,1112.00,540.04,54.10,130.83,1,-1,-1,-1
56,3,467.93,565.28,51.10,141.55,1,-1,-1,-1
56,4,545.48,300.89,31.58,85.90,1,-1,-1,-1
56,5,1079.19,466.59,62.92,112.15,1,-1,-1,-1
56,6,1275.07,447.91,45.85,113.86,1,-1,-1,-1
56,7,146.93,507.76,56.11,128.47,1,-1,-1,-1
56,8,492.59,432.30,47.46,112.15,1,-1,-1,-1
56,9,1132.92,464.41,52.33,112.82,1,-1,-1,-1
56,10,1371.09,432.82,42.85,110.03,1,-1,-1,-1
56,11,1468.09,448.40,52.32,116.86,1,-1,-1,-1
56,12,1437.84,446.37,43.69,117.91,1,-1,-1,-1
56,13,464.59,381.26,12.72,9.71,1,-1,-1,-1
56,16,1408.37,444.42,47.79,122.65,1,-1,-1,-1
56,17,1499.12,442.95,59.28,115.75,1,-1,-1,-1
56,14,1410.75,423.96,35.97,109.90,1,-1,-1,-1
57,0,575.12,507.78,46.94,119.45,1,-1,-1,-1
57,1,1089.20,533.85,57.39,136.58,1,-1,-1,-1
57,2,1115.86,537.37,53.67,131.90,1,-1,-1,-1
57,3,468.16,565.24,50.69,141.51,1,-1,-1,-1
57,4,545.19,301.17,31.63,86.03,1,-1,-1,-1
57,5,1084.22,465.63,60.74,111.35,1,-1,-1,-1
57,6,1276.01,447.32,45.10,114.88,1,-1,-1,-1
57,7,147.03,507.83,54.72,128.48,1,-1,-1,-1
57,8,493.09,432.77,48.63,111.79,1,-1,-1,-1
57,9,1134.95,462.91,51.08,116.12,1,-1,-1,-1
57,10,1371.33,432.55,42.65,110.46,1,-1,-1,-1
57,11,1468.34,447.80,52.32,117.23,1,-1,-1,-1
57,13,464.31,381.26,12.82,9.73,1,-1,-1,-1
57,16,1408.04,443.08,48.52,124.04,1,-1,-1,-1
57,17,1500.21,443.55,58.52,115.11,1,-1,-1,-1
57,12,1439.01,446.25,42.53,116.90,1,-1,-1,-1
57,14,1409.87,424.37,35.56,109.80,1,-1,-1,-1
58,0,575.03,507.56,46.35,119.26,1,-1,-1,-1
58,1,1090.24,532.48,58.75,137.29,1,-1,-1,-1
58,2,1118.77,535.92,54.17,131.48,1,-1,-1,-1
58,3,467.85,565.20,51.16,141.75,1,-1,-1,-1
58,4,544.98,301.31,32.31,85.53,1,-1,-1,-1
58,5,1089.68,464.14,58.55,112.70,1,-1,-1,-1
58,6,1275.66,448.67,44.55,113.67,1,-1,-1,-1
58,7,147.35,507.89,52.98,128.44,1,-1,-1,-1
58,8,493.00,433.54,50.08,111.02,1,-1,-1,-1
58,9,1135.20,461.57,50.67,117.85,1,-1,-1,-1
58,10,1371.54,433.09,42.59,109.95,1,-1,-1,-1
58,11,1471.89,447.65,49.68,116.82,1,-1,-1,-1
58,12,1441.52,445.45,40.35,116.03,1,-1,-1,-1
58,13,463.83,381.37,12.87,9.79,1,-1,-1,-1
58,16,1407.62,442.33,48.44,124.72,1,-1,-1,-1
58,17,1500.02,443.42,59.05,115.10,1,-1,-1,-1
59,0,574.75,507.31,46.52,119.08,1,-1,-1,-1
59,1,1092.18,529.64,59.29,138.58,1,-1,-1,-1
59,2,1120.73,534.88,56.18,133.40,1,-1,-1,-1
59,3,467.66,564.89,51.13,141.93,1,-1,-1,-1
59,4,545.57,301.44,32.16,85.18,1,-1,-1,-1
59,5,1095.12,462.96,58.44,114.91,1,-1,-1,-1
59,6,1276.83,448.15,43.38,114.36,1,-1,-1,-1
59,7,146.88,507.88,52.20,128.66,1,-1,-1,-1
59,8,492.99,433.31,50.56,111.51,1,-1,-1,-1
59,9,1135.29,460.86,51.51,116.83,1,-1,-1,-1
59,10,1371.87,433.22,41.64,110.02,1,-1,-1,-1
59,11,1472.90,447.65,47.40,116.11,1,-1,-1,-1
59,12,1441.96,446.62,38.02,114.43,1,-1,-1,-1
59,13,463.78,381.65,12.77,9.65,1,-1,-1,-1
59,16,1407.46,441.60,49.58,125.29,1,-1,-1,-1
59,17,1501.32,442.62,57.83,116.09,1,-1,-1,-1
59,14,1410.04,423.63,37.21,108.12,1,-1,-1,-1
59,15,1481.36,446.77,39.43,114.99,1,-1,-1,-1
60,0,574.84,507.03,47.03,119.22,1,-1,-1,-1
60,1,1093.80,530.71,59.63,133.99,1,-1,-1,-1
60,2,1122.93,534.89,57.58,132.47,1,-1,-1,-1
60,3,466.53,565.01,51.94,141.68,1,-1,-1,-1
60,4,545.51,301.65,32.04,85.02,1,-1,-1,-1
60,5,1099.17,462.88,56.05,113.73,1,-1,-1,-1
60,6,1274.11,450.32,45.64,112.08,1,-1,-1,-1
60,7,145.41,507.23,52.40,128.81,1,-1,-1,-1
60,8,493.28,433.76,50.47,111.38,1,-1,-1,-1
60,9,1134.56,460.94,53.28,113.98,1,-1,-1,-1
60,10,1371.28,432.55,42.78,110.58,1,-1,-1,-1
60,11,1477.14,445.75,45.78,115.62,1,-1,-1,-1
60,12,1441.98,445.99,40.73,114.80,1,-1,-1,-1
60,13,463.50,381.51,13.04,9.95,1,-1,-1,-1
60,16,1407.84,441.72,50.98,125.03,1,-1,-1,-1
60,17,1503.91,442.57,56.85,115.85,1,-1,-1,-1
61,0,575.06,506.65,48.64,119.70,1,-1,-1,-1
61,1,1098.52,532.46,60.06,131.80,1,-1,-1,-1
61,2,1124.88,536.67,61.05,130.67,1,-1,-1,-1
61,3,465.88,565.21,52.19,141.40,1,-1,-1,-1
61,4,544.61,301.95,33.03,84.32,1,-1,-1,-1
61,5,1098.75,463.66,59.02,113.36,1,-1,-1,-1
61,6,1273.00,452.22,47.48,110.55,1,-1,-1,-1
61,7,144.70,506.93,52.18,128.27,1,-1,-1,-1
61,8,493.54,433.99,50.96,111.20,1,-1,-1,-1
61,9,1130.95,460.93,58.22,119.32,1,-1,-1,-1
61,10,1371.12,432.70,42.27,110.52,1,-1,-1,-1
61,11,1475.08,445.92,47.50,115.38,1,-1,-1,-1
61,12,1445.40,446.17,42.70,115.36,1,-1,-1,-1
61,13,463.17,381.82,12.84,9.57,1,-1,-1,-1
61,16,1407.44,442.69,49.63,123.68,1,-1,-1,-1
61,17,1503.08,442.66,57.75,115.96,1,-1,-1,-1
61,14,1429.15,448.40,39.84,112.92,1,-1,-1,-1
62,0,575.05,506.67,49.50,119.57,1,-1,-1,-1
62,1,1102.83,533.29,56.58,130.77,1,-1,-1,-1
62,2,1129.67,536.48,61.01,131.90,1,-1,-1,-1
62,3,465.76,565.64,51.85,141.17,1,-1,-1,-1
62,4,545.43,302.14,32.59,84.03,1,-1,-1,-1
62,5,1098.88,464.22,58.45,112.52,1,-1,-1,-1
62,6,1272.44,452.32,47.63,110.67,1,-1,-1,-1
62,7,143.46,506.78,52.25,128.17,1,-1,-1,-1
62,8,493.77,434.00,51.13,111.60,1,-1,-1,-1
62,9,1131.16,461.76,60.69,113.02,1,-1,-1,-1
62,10,1371.13,432.85,42.09,110.43,1,-1,-1,-1
62,11,1477.35,446.30,49.45,116.40,1,-1,-1,-1
62,12,1445.95,446.65,47.76,115.69,1,-1,-1,-1
62,13,462.51,381.97,13.29,9.77,1,-1,-1,-1
62,16,1407.27,442.40,49.69,123.73,1,-1,-1,-1
62,17,1504.56,442.54,56.58,116.12,1,-1,-1,-1
62,14,1415.88,444.97,47.06,117.45,1,-1,-1,-1
63,0,575.31,506.48,50.04,119.18,1,-1,-1,-1
63,1,1105.09,532.47,57.77,131.10,1,-1,-1,-1
63,2,1136.21,536.68,59.99,130.83,1,-1,-1,-1
63,3,465.66,565.75,51.39,140.93,1,-1,-1,-1
63,4,544.98,301.99,33.02,84.56,1,-1,-1,-1
63,5,1100.76,465.13,57.77,112.40,1,-1,-1,-1
63,6,1273.39,452.50,46.59,110.50,1,-1,-1,-1
63,7,142.89,505.93,52.95,128.34,1,-1,-1,-1
63,8,493.75,434.16,51.19,111.22,1,-1,-1,-1
63,9,1131.39,461.96,63.06,114.60,1,-1,-1,-1
63,10,1370.70,432.92,43.09,110.14,1,-1,-1,-1
63,11,1478.95,446.36,48.90,117.18,1,-1,-1,-1
63,13,462.30,381.85,12.94,9.66,1,-1,-1,-1
63,16,1407.68,444.14,49.40,121.88,1,-1,-1,-1
63,17,1505.33,442.74,55.79,115.45,1,-1,-1,-1
63,12,1450.78,447.47,39.50,114.53,1,-1,-1,-1
64,0,575.62,505.82,50.23,119.87,1,-1,-1,-1
64,1,1106.74,530.30,61.09,132.53,1,-1,-1,-1
64,2,1143.81,534.32,57.46,132.65,1,-1,-1,-1
64,3,465.20,565.59,51.64,141.35,1,-1,-1,-1
64,4,544.42,301.91,33.12,84.55,1,-1,-1,-1
64,5,1103.24,465.80,55.95,109.79,1,-1,-1,-1
64,6,1274.50,451.39,45.81,112.32,1,-1,-1,-1
64,7,142.64,505.61,52.79,128.67,1,-1,-1,-1
64,8,494.34,433.49,51.11,112.01,1,-1,-1,-1
64,9,1136.20,462.80,61.86,118.36,1,-1,-1,-1
64,10,1370.83,432.69,42.84,110.32,1,-1,-1,-1
64,11,1478.61,446.87,47.52,117.09,1,-1,-1,-1
64,13,462.30,381.80,13.07,9.79,1,-1,-1,-1
64,16,1406.53,443.51,49.58,122.64,1,-1,-1,-1
64,17,1507.89,442.85,53.75,115.66,1,-1,-1,-1
64,12,1445.56,447.06,45.00,114.58,1,-1,-1,-1
64,14,1411.42,443.48,46.05,118.31,1,-1,-1,-1
65,0,576.34,506.36,49.28,119.19,1,-1,-1,-1
65,1,1107.66,528.82,64.34,133.36,1,-1,-1,-1
65,2,1146.83,531.05,64.31,135.02,1,-1,-1,-1
65,3,465.38,566.18,51.00,140.70,1,-1,-1,-1
65,4,544.48,302.19,32.59,84.69,1,-1,-1,-1
65,5,1112.63,466.31,48.78,104.14,1,-1,-1,-1
65,6,1274.46,452.96,46.78,111.16,1,-1,-1,-1
65,7,143.16,505.22,52.02,128.07,1,-1,-1,-1
65,8,495.58,434.17,49.81,111.39,1,-1,-1,-1
65,9,1136.91,462.32,56.15,101.11,1,-1,-1,-1
65,10,1370.51,433.35,41.82,109.88,1,-1,-1,-1
65,11,1478.14,446.56,50.67,117.99,1,-1,-1,-1
65,12,1444.68,447.32,46.50,114.27,1,-1,-1,-1
65,13,462.11,381.89,13.13,10.02,1,-1,-1,-1
65,16,1405.19,443.75,50.18,122.44,1,-1,-1,-1
65,14,1406.43,425.66,37.71,111.96,1,-1,-1,-1
65,17,1507.67,442.11,53.95,116.77,1,-1,-1,-1
66,0,576.62,506.03,49.80,119.61,1,-1,-1,-1
66,1,1109.90,527.00,63.90,134.76,1,-1,-1,-1
66,2,1152.84,528.58,65.93,136.11,1,-1,-1,-1
66,3,464.68,565.97,51.45,141.14,1,-1,-1,-1
66,4,544.33,302.10,32.19,84.76,1,-1,-1,-1
66,5,1117.59,465.20,45.51,96.87,1,-1,-1,-1
66,6,1275.21,456.62,47.67,108.61,1,-1,-1,-1
66,7,142.90,505.02,52.21,128.43,1,-1,-1,-1
66,8,495.64,433.36,50.35,112.35,1,-1,-1,-1
66,9,1140.31,461.47,54.39,96.22,1,-1,-1,-1
66,10,1370.79,433.44,41.60,109.93,1,-1,-1,-1
66,11,1476.73,446.15,51.69,119.43,1,-1,-1,-1
66,12,1443.35,447.37,48.06,114.06,1,-1,-1,-1
66,13,461.78,381.77,13.49,10.19,1,-1,-1,-1
66,16,1404.48,443.98,48.84,122.09,1,-1,-1,-1
66,17,1509.96,441.16,51.55,117.74,1,-1,-1,-1
66,14,1408.00,442.29,46.21,118.10,1,-1,-1,-1
67,0,577.00,505.49,50.53,120.26,1,-1,-1,-1
67,1,1117.66,524.38,58.96,135.83,1,-1,-1,-1
67,2,1156.33,525.19,65.33,132.53,1,-1,-1,-1
67,3,464.32,565.86,51.55,141.13,1,-1,-1,-1
67,4,544.24,301.82,32.65,85.07,1,-1,-1,-1
67,5,1117.73,462.76,47.20,107.37,1,-1,-1,-1
67,6,1272.07,457.13,50.77,108.49,1,-1,-1,-1
67,7,143.19,504.58,52.23,127.91,1,-1,-1,-1
67,8,496.24,433.19,50.70,112.71,1,-1,-1,-1
67,9,1146.24,460.24,49.95,96.62,1,-1,-1,-1
67,10,1371.34,433.16,41.27,109.77,1,-1,-1,-1
67,11,1474.29,446.27,53.40,121.77,1,-1,-1,-1
67,12,1440.87,447.06,51.35,114.25,1,-1,-1,-1
67,13,461.95,381.84,12.99,9.84,1,-1,-1,-1
67,16,1403.97,444.59,50.29,121.21,1,-1,-1,-1
67,14,1409.24,441.33,40.39,118.00,1,-1,-1,-1
67,17,1510.25,440.85,52.00,117.37,1,-1,-1,-1
68,0,578.17,505.29,50.39,120.49,1,-1,-1,-1
68,1,1127.75,524.74,55.84,132.63,1,-1,-1,-1
68,2,1157.71,524.47,69.19,134.49,1,-1,-1,-1
68,3,463.92,565.52,52.34,141.62,1,-1,-1,-1
68,4,543.78,302.02,32.66,84.96,1,-1,-1,-1
68,5,1120.61,459.05,49.01,114.95,1,-1,-1,-1
68,6,1269.47,458.83,53.52,107.32,1,-1,-1,-1
68,7,142.58,504.29,53.67,127.72,1,-1,-1,-1
68,8,497.00,432.37,51.48,113.60,1,-1,-1,-1
68,9,1143.98,458.41,54.15,100.16,1,-1,-1,-1
68,10,1370.77,432.95,42.17,109.99,1,-1,-1,-1
68,11,1474.82,446.81,51.90,121.62,1,-1,-1,-1
68,12,1441.79,446.82,47.44,114.24,1,-1,-1,-1
68,13,461.80,381.66,13.19,10.11,1,-1,-1,-1
68,16,1403.46,444.03,49.78,121.52,1,-1,-1,-1
68,17,1511.44,440.26,53.30,117.91,1,-1,-1,-1
69,0,579.07,505.31,50.23,120.07,1,-1,-1,-1
69,1,1134.98,527.15,55.13,127.74,1,-1,-1,-1
69,2,1161.19,525.45,69.79,134.54,1,-1,-1,-1
69,3,463.99,565.78,51.89,141.35,1,-1,-1,-1
69,4,544.08,302.25,32.14,84.60,1,-1,-1,-1
69,5,1122.31,459.56,50.69,112.25,1,-1,-1,-1
69,6,1266.46,459.72,57.78,106.45,1,-1,-1,-1
69,7,142.50,503.93,53.09,127.40,1,-1,-1,-1
69,8,499.40,432.71,49.00,112.85,1,-1,-1,-1
69,9,1147.47,457.12,52.06,104.66,1,-1,-1,-1
69,10,1369.95,433.26,43.70,109.81,1,-1,-1,-1
69,11,1475.85,447.76,51.31,120.99,1,-1,-1,-1
69,12,1440.85,447.10,48.23,113.91,1,-1,-1,-1
69,13,461.44,382.11,13.34,9.95,1,-1,-1,-1
69,16,1401.85,445.18,51.75,119.90,1,-1,-1,-1
69,14,1408.47,425.69,35.90,110.85,1,-1,-1,-1
69,17,1514.17,440.25,53.81,117.54,1,-1,-1,-1
70,0,581.22,504.28,48.83,120.75,1,-1,-1,-1
70,1,1140.58,526.85,50.75,127.12,1,-1,-1,-1
70,2,1167.24,526.41,65.98,133.24,1,-1,-1,-1
70,3,463.94,565.55,51.65,141.37,1,-1,-1,-1
70,4,544.44,302.07,31.48,84.92,1,-1,-1,-1
70,5,1124.36,459.23,48.10,113.27,1,-1,-1,-1
70,6,1268.61,459.68,55.42,106.35,1,-1,-1,-1
70,7,142.66,503.96,52.94,127.06,1,-1,-1,-1
70,8,502.98,432.70,45.25,112.75,1,-1,-1,-1
70,9,1148.23,456.54,55.06,100.98,1,-1,-1,-1
70,10,1370.17,433.35,43.11,109.53,1,-1,-1,-1
70,11,1475.69,447.56,51.86,121.07,1,-1,-1,-1
70,12,1438.16,446.99,48.95,114.15,1,-1,-1,-1
70,13,461.40,382.02,13.26,9.80,1,-1,-1,-1
70,16,1398.13,444.65,54.85,120.49,1,-1,-1,-1
70,14,1408.88,425.55,35.45,112.74,1,-1,-1,-1
70,17,1513.13,440.52,55.66,117.53,1,-1,-1,-1
71,0,582.53,503.72,48.36,121.02,1,-1,-1,-1
71,1,1146.81,527.35,47.55,126.54,1,-1,-1,-1
71,2,1177.25,527.45,58.50,132.36,1,-1,-1,-1
71,3,464.27,565.85,51.45,141.41,1,-1,-1,-1
71,4,544.64,302.11,30.89,84.70,1,-1,-1,-1
71,5,1125.59,458.66,47.36,113.76,1,-1,-1,-1
71,6,1271.13,459.18,52.61,107.24,1,-1,-1,-1
71,7,143.20,503.53,53.21,127.53,1,-1,-1,-1
71,8,506.36,432.68,41.58,112.55,1,-1,-1,-1
71,9,1150.75,455.27,55.53,101.38,1,-1,-1,-1
71,10,1371.71,434.30,42.04,108.13,1,-1,-1,-1
71,11,1475.65,447.83,51.76,121.26,1,-1,-1,-1
71,12,1439.60,447.46,46.79,115.23,1,-1,-1,-1
71,13,461.95,382.12,12.75,9.51,1,-1,-1,-1
71,16,1397.86,444.73,54.16,120.60,1,-1,-1,-1
71,14,1403.23,441.25,42.49,118.16,1,-1,-1,-1
71,17,1516.98,441.69,52.21,116.43,1,-1,-1,-1
72,0,584.18,504.13,47.74,120.40,1,-1,-1,-1
72,1,1152.86,527.41,47.00,126.74,1,-1,-1,-1
72,2,1186.40,527.00,51.52,132.04,1,-1,-1,-1
72,3,464.02,565.79,51.99,141.50,1,-1,-1,-1
72,4,544.01,302.05,31.26,84.83,1,-1,-1,-1
72,5,1125.96,458.51,47.00,113.96,1,-1,-1,-1
72,6,1268.03,457.14,54.95,109.11,1,-1,-1,-1
72,7,143.10,503.38,55.80,127.52,1,-1,-1,-1
72,8,509.92,432.87,38.23,112.19,1,-1,-1,-1
72,9,1153.81,457.07,53.99,103.55,1,-1,-1,-1
72,10,1373.97,435.71,41.41,106.93,1,-1,-1,-1
72,11,1475.58,447.85,50.82,121.07,1,-1,-1,-1
72,12,1438.39,447.46,48.20,116.17,1,-1,-1,-1
72,13,461.57,382.34,13.03,9.55,1,-1,-1,-1
72,16,1396.90,444.97,53.44,120.37,1,-1,-1,-1
72,17,1516.21,441.18,53.06,117.57,1,-1,-1,-1
73,0,585.61,504.46,47.02,119.95,1,-1,-1,-1
73,1,1154.50,525.53,48.53,128.39,1,-1,-1,-1
73,2,1189.19,525.22,52.74,133.96,1,-1,-1,-1
73,3,463.91,565.82,52.51,141.23,1,-1,-1,-1
73,4,543.99,302.23,31.11,84.68,1,-1,-1,-1
73,5,1126.10,457.62,51.44,114.96,1,-1,-1,-1
73,6,1262.79,457.02,60.18,109.19,1,-1,-1,-1
73,7,143.11,503.49,58.83,127.31,1,-1,-1,-1
73,8,513.27,432.88,34.98,112.36,1,-1,-1,-1
73,9,1156.07,458.85,54.07,100.41,1,-1,-1,-1
73,10,1373.87,435.69,41.97,107.03,1,-1,-1,-1
73,11,1475.42,448.15,51.06,121.00,1,-1,-1,-1
73,12,1438.98,448.17,47.44,115.96,1,-1,-1,-1
73,13,461.16,382.31,13.35,9.91,1,-1,-1,-1
73,16,1394.02,444.12,55.21,121.42,1,-1,-1,-1
73,17,1514.27,441.43,54.77,117.32,1,-1,-1,-1
73,14,1408.67,443.76,48.73,117.20,1,-1,-1,-1
74,0,586.02,504.48,46.86,120.02,1,-1,-1,-1
74,1,1157.29,519.89,52.12,133.97,1,-1,-1,-1
74,2,1195.16,522.79,51.55,134.57,1,-1,-1,-1
74,3,463.28,565.39,53.09,141.68,1,-1,-1,-1
74,4,543.78,302.00,30.85,85.13,1,-1,-1,-1
74,5,1123.44,456.90,56.00,115.66,1,-1,-1,-1
74,6,1263.62,456.78,58.98,109.61,1,-1,-1,-1
74,7,142.71,503.36,62.64,127.32,1,-1,-1,-1
74,8,513.78,433.19,35.32,112.08,1,-1,-1,-1
74,9,1157.52,459.47,54.12,111.73,1,-1,-1,-1
74,10,1375.14,435.38,44.26,108.38,1,-1,-1,-1
74,11,1474.41,448.44,47.67,120.85,1,-1,-1,-1
74,12,1440.08,448.13,48.04,116.03,1,-1,-1,-1
74,13,461.18,382.12,13.30,10.05,1,-1,-1,-1
74,16,1392.95,444.83,54.62,120.47,1,-1,-1,-1
74,17,1516.13,441.64,53.25,117.03,1,-1,-1,-1
75,0,587.18,504.23,46.25,119.70,1,-1,-1,-1
75,1,1159.23,516.81,57.29,137.67,1,-1,-1,-1
75,2,1198.91,519.57,51.96,130.80,1,-1,-1,-1
75,3,463.58,565.61,52.73,141.38,1,-1,-1,-1
75,4,544.03,302.18,30.51,84.98,1,-1,-1,-1
75,5,1122.14,456.37,59.75,116.52,1,-1,-1,-1
75,6,1264.50,456.94,56.38,110.48,1,-1,-1,-1
75,7,143.07,503.29,62.92,127.38,1,-1,-1,-1
75,8,515.36,432.97,34.15,112.55,1,-1,-1,-1
75,9,1160.74,460.77,52.42,116.94,1,-1,-1,-1
75,10,1377.23,435.49,40.58,107.94,1,-1,-1,-1
75,11,1474.34,448.18,46.27,121.05,1,-1,-1,-1
75,12,1444.06,448.03,45.60,116.48,1,-1,-1,-1
75,13,460.82,382.12,13.49,10.18,1,-1,-1,-1
75,16,1392.36,444.88,53.88,120.50,1,-1,-1,-1
75,17,1517.56,441.62,51.77,117.04,1,-1,-1,-1
76,0,587.76,504.09,45.75,119.61,1,-1,-1,-1
76,1,1161.04,517.02,60.07,134.04,1,-1,-1,-1
76,2,1202.11,517.83,54.59,134.16,1,-1,-1,-1
76,3,463.20,565.70,53.50,141.23,1,-1,-1,-1
76,4,543.56,302.07,30.99,85.34,1,-1,-1,-1
76,5,1124.26,456.81,60.77,115.64,1,-1,-1,-1
76,6,1264.36,457.78,53.84,110.21,1,-1,-1,-1
76,7,143.35,503.17,65.08,127.25,1,-1,-1,-1
76,8,516.22,433.16,35.64,111.71,1,-1,-1,-1
76,9,1160.69,460.40,54.49,110.83,1,-1,-1,-1
76,10,1376.87,434.85,43.09,107.21,1,-1,-1,-1
76,11,1475.84,448.15,47.40,120.98,1,-1,-1,-1
76,12,1446.04,447.95,43.36,116.08,1,-1,-1,-1
76,13,460.97,382.06,13.33,10.29,1,-1,-1,-1
76,16,1392.63,445.16,50.84,119.85,1,-1,-1,-1
76,14,1405.15,425.89,39.88,109.28,1,-1,-1,-1
76,17,1517.41,441.49,51.62,116.89,1,-1,-1,-1
77,0,587.41,504.11,46.12,119.63,1,-1,-1,-1
77,1,1163.74,518.64,61.19,129.06,1,-1,-1,-1
77,2,1204.31,516.97,58.18,134.51,1,-1,-1,-1
77,3,462.96,565.89,54.19,141.50,1,-1,-1,-1
77,4,543.45,302.13,30.89,85.19,1,-1,-1,-1
77,5,1128.32,456.58,58.53,115.45,1,-1,-1,-1
77,6,1264.83,459.52,50.30,109.75,1,-1,-1,-1
77,7,143.18,503.08,64.77,127.43,1,-1,-1,-1
77,8,516.49,433.54,37.73,111.25,1,-1,-1,-1
77,9,1162.33,459.05,53.96,110.49,1,-1,-1,-1
77,10,1377.79,435.31,41.22,106.82,1,-1,-1,-1
77,11,1476.59,448.24,47.05,120.56,1,-1,-1,-1
77,12,1447.00,448.53,42.71,115.99,1,-1,-1,-1
77,13,460.93,382.22,13.28,10.06,1,-1,-1,-1
77,16,1389.12,443.10,50.36,120.13,1,-1,-1,-1
77,17,1523.51,441.69,45.27,116.05,1,-1,-1,-1
77,14,1407.38,425.35,36.67,107.65,1,-1,-1,-1
77,15,1488.28,447.40,37.98,117.17,1,-1,-1,-1
78,0,587.12,504.14,46.20,119.35,1,-1,-1,-1
78,1,1167.64,519.60,60.48,126.42,1,-1,-1,-1
78,2,1207.26,518.14,59.32,132.71,1,-1,-1,-1
78,3,463.14,565.56,54.11,141.62,1,-1,-1,-1
78,4,543.25,302.06,31.10,85.46,1,-1,-1,-1
78,5,1130.88,455.88,58.27,115.84,1,-1,-1,-1
78,6,1264.71,460.39,47.68,109.84,1,-1,-1,-1
78,7,143.61,502.92,62.24,127.86,1,-1,-1,-1
78,8,516.87,432.87,40.72,112.13,1,-1,-1,-1
78,9,1163.22,457.80,53.90,108.98,1,-1,-1,-1
78,10,1378.02,436.17,39.00,106.52,1,-1,-1,-1
78,11,1476.81,447.88,48.46,120.56,1,-1,-1,-1
78,12,1448.39,448.49,42.61,115.90,1,-1,-1,-1
78,13,460.91,382.12,13.35,10.09,1,-1,-1,-1
78,16,1388.78,443.98,50.69,119.55,1,-1,-1,-1
78,17,1522.54,441.94,46.99,116.62,1,-1,-1,-1
78,14,1409.33,425.48,34.10,106.45,1,-1,-1,-1
78,-1,1415.18,450.21,49.80,113.59,1,-1,-1,-1
79,0,586.72,504.63,46.47,119.21,1,-1,-1,-1
79,1,1172.84,520.98,58.37,124.90,1,-1,-1,-1
79,2,1217.07,519.37,54.35,131.44,1,-1,-1,-1
79,3,463.02,565.42,54.50,141.78,1,-1,-1,-1
79,4,543.18,301.89,31.06,85.76,1,-1,-1,-1
79,5,1134.19,454.85,57.59,117.03,1,-1,-1,-1
79,6,1267.04,461.44,42.74,109.09,1,-1,-1,-1
79,7,144.27,503.11,59.27,127.87,1,-1,-1,-1
79,8,517.67,433.05,41.46,112.18,1,-1,-1,-1
79,9,1165.14,456.51,51.95,103.72,1,-1,-1,-1
79,10,1379.51,437.57,39.66,109.78,1,-1,-1,-1
79,11,1476.28,448.47,49.18,120.93,1,-1,-1,-1
79,12,1448.52,448.43,41.70,115.99,1,-1,-1,-1
79,13,460.64,382.23,13.37,10.27,1,-1,-1,-1
79,14,1417.72,451.19,48.26,113.21,1,-1,-1,-1
79,16,1386.56,443.45,48.04,118.59,1,-1,-1,-1
79,17,1521.87,441.83,47.84,116.98,1,-1,-1,-1
79,-1,1408.70,425.34,34.00,104.30,1,-1,-1,-1
80,0,586.17,504.25,46.35,119.42,1,-1,-1,-1
80,1,1179.83,520.68,58.26,125.37,1,-1,-1,-1
80,2,1223.81,519.97,53.40,130.65,1,-1,-1,-1
80,3,463.39,565.59,53.82,141.67,1,-1,-1,-1
80,4,543.15,302.15,30.75,85.05,1,-1,-1,-1
80,5,1134.81,455.32,57.82,115.76,1,-1,-1,-1
80,6,1268.74,462.57,39.30,109.76,1,-1,-1,-1
80,7,144.45,502.66,56.80,128.45,1,-1,-1,-1
80,8,518.07,432.92,41.31,112.15,1,-1,-1,-1
80,9,1167.05,456.49,49.70,101.25,1,-1,-1,-1
80,11,1476.56,447.83,49.26,121.47,1,-1,-1,-1
80,12,1449.37,448.75,44.46,116.12,1,-1,-1,-1
80,13,460.75,382.35,13.41,10.12,1,-1,-1,-1
80,14,1416.23,451.69,51.30,112.89,1,-1,-1,-1
80,16,1386.19,444.44,47.87,118.51,1,-1,-1,-1
80,10,1382.63,439.20,41.19,117.13,1,-1,-1,-1
80,17,1523.48,441.55,46.13,117.18,1,-1,-1,-1
80,-1,1410.37,425.28,32.86,106.26,1,-1,-1,-1
81,0,586.27,503.82,45.68,119.51,1,-1,-1,-1
81,1,1188.42,518.78,56.81,127.32,1,-1,-1,-1
81,2,1227.24,518.20,55.07,132.41,1,-1,-1,-1
81,3,463.79,565.51,53.04,141.43,1,-1,-1,-1
81,4,543.26,302.11,30.42,85.17,1,-1,-1,-1
81,5,1138.55,455.20,53.84,116.80,1,-1,-1,-1
81,6,1269.31,463.52,37.96,108.01,1,-1,-1,-1
81,7,145.02,502.23,52.70,128.79,1,-1,-1,-1
81,8,518.71,433.12,40.50,111.71,1,-1,-1,-1
81,9,1172.76,455.80,44.55,101.48,1,-1,-1,-1
81,10,1410.26,425.09,32.05,103.73,1,-1,-1,-1
81,11,1475.57,447.58,49.66,121.07,1,-1,-1,-1
81,12,1450.64,448.90,48.01,117.27,1,-1,-1,-1
81,13,460.55,382.22,13.17,9.91,1,-1,-1,-1
81,14,1418.32,451.56,50.83,111.96,1,-1,-1,-1
81,16,1385.34,442.81,47.34,119.13,1,-1,-1,-1
81,17,1521.06,441.17,48.12,117.50,1,-1,-1,-1
82,0,586.13,503.77,45.42,119.58,1,-1,-1,-1
82,1,1196.68,515.40,52.47,129.50,1,-1,-1,-1
82,2,1231.35,515.11,58.09,134.99,1,-1,-1,-1
82,3,463.00,565.37,53.69,141.65,1,-1,-1,-1
82,4,543.00,301.78,30.52,85.38,1,-1,-1,-1
82,5,1140.13,455.16,54.14,117.38,1,-1,-1,-1
82,6,1270.34,464.10,37.32,108.73,1,-1,-1,-1
82,7,144.95,502.38,50.50,128.57,1,-1,-1,-1
82,8,519.13,432.92,40.28,112.14,1,-1,-1,-1
82,9,1175.17,454.63,43.07,101.25,1,-1,-1,-1
82,11,1476.19,447.63,49.56,120.89,1,-1,-1,-1
82,13,460.63,382.24,13.22,10.09,1,-1,-1,-1
82,14,1420.52,451.34,49.38,111.54,1,-1,-1,-1
82,16,1385.22,443.32,49.35,121.51,1,-1,-1,-1
82,17,1518.88,440.95,50.45,117.83,1,-1,-1,-1
82,10,1411.86,424.96,32.02,101.10,1,-1,-1,-1
82,12,1449.98,448.69,51.15,118.56,1,-1,-1,-1
82,-1,1375.15,434.89,56.03,107.15,1,-1,-1,-1
82,-1,1384.22,441.25,47.36,119.09,1,-1,-1,-1
83,0,586.47,503.41,44.65,119.90,1,-1,-1,-1
83,1,1201.26,512.49,51.44,131.52,1,-1,-1,-1
83,2,1236.00,511.87,54.94,137.10,1,-1,-1,-1
83,3,463.69,565.58,52.45,141.30,1,-1,-1,-1
83,4,543.01,302.10,30.34,84.97,1,-1,-1,-1
83,5,1147.05,455.19,49.93,116.88,1,-1,-1,-1
83,6,1269.71,464.59,37.81,107.84,1,-1,-1,-1
83,7,145.73,502.19,48.01,128.64,1,-1,-1,-1
83,8,519.75,432.82,39.58,112.23,1,-1,-1,-1
83,9,1177.05,454.96,43.85,110.42,1,-1,-1,-1
83,10,1412.82,424.69,29.25,99.17,1,-1,-1,-1
83,11,1477.28,447.36,48.21,120.49,1,-1,-1,-1
83,12,1456.13,449.54,50.09,119.39,1,-1,-1,-1
83,13,460.65,382.30,12.91,9.76,1,-1,-1,-1
83,14,1420.85,450.81,46.77,111.80,1,-1,-1,-1
83,16,1384.46,442.38,46.93,122.33,1,-1,-1,-1
83,17,1519.93,440.95,49.63,117.87,1,-1,-1,-1
83,15,1487.45,446.90,39.78,118.38,1,-1,-1,-1
84,0,585.86,503.13,45.32,119.39,1,-1,-1,-1
84,1,1205.02,510.58,54.93,133.37,1,-1,-1,-1
84,2,1238.83,509.90,55.11,133.71,1,-1,-1,-1
84,3,463.61,565.69,52.51,141.34,1,-1,-1,-1
84,4,542.76,301.91,30.82,85.44,1,-1,-1,-1
84,5,1148.24,454.74,50.80,117.66,1,-1,-1,-1
84,6,1269.87,464.26,37.97,107.81,1,-1,-1,-1
84,7,145.82,502.28,46.12,127.98,1,-1,-1,-1
84,8,520.10,432.60,39.34,112.35,1,-1,-1,-1
84,9,1173.46,454.74,50.10,112.73,1,-1,-1,-1
84,10,1412.83,424.94,29.86,103.36,1,-1,-1,-1
84,11,1477.81,447.04,48.17,120.32,1,-1,-1,-1
84,12,1456.90,449.49,50.68,119.81,1,-1,-1,-1
84,13,460.20,382.14,13.00,9.93,1,-1,-1,-1
84,14,1425.79,450.49,43.73,111.96,1,-1,-1,-1
84,16,1383.75,441.80,46.97,122.50,1,-1,-1,-1
84,17,1518.36,440.77,51.16,117.82,1,-1,-1,-1
84,-1,1376.13,435.41,47.92,112.10,1,-1,-1,-1
85,0,585.37,503.03,45.96,119.44,1,-1,-1,-1
85,1,1209.11,509.67,58.11,135.18,1,-1,-1,-1
85,2,1240.63,509.03,57.48,131.85,1,-1,-1,-1
85,3,463.47,565.73,52.46,141.28,1,-1,-1,-1
85,4,542.83,302.19,30.45,85.14,1,-1,-1,-1
85,5,1150.50,455.11,48.76,117.72,1,-1,-1,-1
85,6,1267.82,463.53,40.55,107.98,1,-1,-1,-1
85,7,146.07,502.12,45.03,127.97,1,-1,-1,-1
85,8,520.07,432.45,39.85,112.48,1,-1,-1,-1
85,9,1174.19,455.14,52.55,112.19,1,-1,-1,-1
85,10,1412.81,424.61,29.89,101.94,1,-1,-1,-1
85,11,1476.28,447.61,47.69,121.13,1,-1,-1,-1
85,13,460.08,382.11,13.14,10.02,1,-1,-1,-1
85,14,1427.24,451.45,42.10,111.20,1,-1,-1,-1
85,16,1382.99,442.53,46.82,119.64,1,-1,-1,-1
85,12,1456.99,449.76,49.12,119.08,1,-1,-1,-1
85,17,1523.33,439.69,44.98,118.62,1,-1,-1,-1
86,0,585.22,503.05,45.97,119.14,1,-1,-1,-1
86,1,1214.25,510.00,56.19,131.14,1,-1,-1,-1
86,2,1243.41,510.64,57.31,131.91,1,-1,-1,-1
86,3,462.96,565.37,53.05,141.80,1,-1,-1,-1
86,4,542.38,301.87,31.12,85.37,1,-1,-1,-1
86,5,1151.24,454.84,47.70,118.41,1,-1,-1,-1
86,6,1264.18,462.84,45.71,107.73,1,-1,-1,-1
86,7,146.03,502.01,45.27,128.11,1,-1,-1,-1
86,8,520.45,432.21,39.77,112.68,1,-1,-1,-1
86,9,1176.73,454.41,52.29,113.08,1,-1,-1,-1
86,10,1412.87,424.61,29.53,102.13,1,-1,-1,-1
86,11,1476.46,447.67,47.31,121.14,1,-1,-1,-1
86,12,1456.96,449.70,48.37,119.29,1,-1,-1,-1
86,13,460.41,382.12,13.05,9.99,1,-1,-1,-1
86,16,1383.06,443.06,46.01,118.21,1,-1,-1,-1
86,14,1423.86,451.78,40.53,110.76,1,-1,-1,-1
86,15,1488.43,447.27,38.99,119.03,1,-1,-1,-1
86,17,1525.29,442.43,42.98,115.69,1,-1,-1,-1
87,0,584.38,502.27,46.55,119.38,1,-1,-1,-1
87,1,1220.12,512.00,55.03,124.19,1,-1,-1,-1
87,2,1244.54,512.40,63.05,129.56,1,-1,-1,-1
87,3,462.62,565.57,53.43,141.55,1,-1,-1,-1
87,4,542.74,302.09,30.64,85.26,1,-1,-1,-1
87,5,1154.30,454.54,45.75,118.33,1,-1,-1,-1
87,6,1267.22,461.71,43.38,105.32,1,-1,-1,-1
87,7,146.16,501.77,45.93,128.35,1,-1,-1,-1
87,8,521.09,432.11,39.41,112.58,1,-1,-1,-1
87,9,1174.73,454.82,56.35,112.42,1,-1,-1,-1
87,10,1412.35,424.49,30.86,100.87,1,-1,-1,-1
87,13,460.13,381.98,13.31,10.04,1,-1,-1,-1
87,14,1442.81,447.76,42.01,116.89,1,-1,-1,-1
87,15,1483.36,446.32,43.86,120.73,1,-1,-1,-1
87,16,1382.58,442.43,45.93,120.05,1,-1,-1,-1
87,17,1522.53,440.41,45.44,118.07,1,-1,-1,-1
87,12,1456.33,449.30,49.87,120.31,1,-1,-1,-1
88,0,584.46,502.60,47.01,119.74,1,-1,-1,-1
88,1,1230.73,512.91,53.70,124.24,1,-1,-1,-1
88,2,1248.52,517.55,61.27,124.41,1,-1,-1,-1
88,3,462.54,565.47,52.98,141.87,1,-1,-1,-1
88,4,542.50,302.36,30.72,85.02,1,-1,-1,-1
88,5,1155.01,454.64,46.51,118.68,1,-1,-1,-1
88,6,1266.47,461.16,47.20,105.27,1,-1,-1,-1
88,7,146.00,501.71,46.21,128.04,1,-1,-1,-1
88,8,521.23,432.16,39.30,112.40,1,-1,-1,-1
88,9,1179.34,455.41,54.36,112.63,1,-1,-1,-1
88,10,1412.25,424.39,31.33,100.36,1,-1,-1,-1
88,11,1477.23,447.23,45.80,121.38,1,-1,-1,-1
88,13,459.88,382.05,13.36,10.24,1,-1,-1,-1
88,14,1441.55,447.55,45.31,116.68,1,-1,-1,-1
88,16,1381.16,442.79,46.58,119.02,1,-1,-1,-1
88,17,1520.90,440.00,47.18,118.67,1,-1,-1,-1
88,12,1457.07,449.80,47.91,119.52,1,-1,-1,-1
88,15,1487.10,446.38,40.30,118.97,1,-1,-1,-1
89,0,583.72,501.90,47.41,119.88,1,-1,-1,-1
89,1,1238.80,511.77,51.37,125.80,1,-1,-1,-1
89,2,1255.42,515.44,59.41,126.82,1,-1,-1,-1
89,3,462.87,565.77,52.47,141.49,1,-1,-1,-1
89,4,542.59,301.64,30.77,85.93,1,-1,-1,-1
89,5,1155.30,456.04,46.39,117.11,1,-1,-1,-1
89,6,1267.02,461.46,45.12,107.56,1,-1,-1,-1
89,7,146.13,501.25,46.64,128.02,1,-1,-1,-1
89,8,522.17,431.94,38.97,112.78,1,-1,-1,-1
89,9,1182.72,455.77,52.92,113.43,1,-1,-1,-1
89,10,1412.22,425.12,32.66,101.84,1,-1,-1,-1
89,11,1472.96,449.11,47.48,120.95,1,-1,-1,-1
89,13,459.92,382.25,13.19,9.89,1,-1,-1,-1
89,14,1433.20,447.76,50.93,116.22,1,-1,-1,-1
89,16,1380.00,442.15,46.79,119.81,1,-1,-1,-1
89,17,1518.90,439.50,48.91,119.10,1,-1,-1,-1
89,-1,1369.23,433.56,42.63,112.26,1,-1,-1,-1
90,0,583.85,501.81,47.72,119.25,1,-1,-1,-1
90,1,1246.35,509.39,58.89,127.36,1,-1,-1,-1
90,2,1258.03,510.93,59.59,130.51,1,-1,-1,-1
90,3,463.14,565.76,52.10,141.41,1,-1,-1,-1
90,4,542.44,301.77,30.67,85.78,1,-1,-1,-1
90,5,1155.33,456.01,48.79,117.10,1,-1,-1,-1
90,6,1265.91,462.08,46.64,107.36,1,-1,-1,-1
90,7,145.99,501.21,47.42,128.16,1,-1,-1,-1
90,8,522.67,431.94,39.22,112.75,1,-1,-1,-1
90,9,1185.28,455.80,51.24,113.34,1,-1,-1,-1
90,10,1411.68,425.43,32.42,103.62,1,-1,-1,-1
90,11,1473.50,449.07,49.19,120.81,1,-1,-1,-1
90,13,460.07,382.28,13.04,9.82,1,-1,-1,-1
90,14,1435.63,448.13,52.02,116.15,1,-1,-1,-1
90,16,1380.35,443.33,44.77,120.34,1,-1,-1,-1
90,17,1521.94,440.60,45.83,117.98,1,-1,-1,-1
90,-1,1369.22,433.86,42.76,112.36,1,-1,-1,-1
91,0,583.76,501.58,49.90,120.59,1,-1,-1,-1
91,1,1249.45,504.87,65.26,131.69,1,-1,-1,-1
91,2,1260.46,506.90,61.80,134.28,1,-1,-1,-1
91,3,462.75,565.69,52.71,141.52,1,-1,-1,-1
91,4,542.63,302.09,30.67,85.37,1,-1,-1,-1
91,5,1157.21,456.25,47.93,116.78,1,-1,-1,-1
91,6,1266.78,461.93,45.30,111.17,1,-1,-1,-1
91,7,145.83,500.81,48.93,128.19,1,-1,-1,-1
91,8,523.81,431.94,38.81,112.32,1,-1,-1,-1
91,9,1183.47,455.82,53.91,113.17,1,-1,-1,-1
91,10,1411.49,425.21,31.87,103.43,1,-1,-1,-1
91,11,1473.54,448.39,52.01,121.25,1,-1,-1,-1
91,13,460.00,382.23,13.18,9.93,1,-1,-1,-1
91,14,1439.79,448.00,52.71,117.51,1,-1,-1,-1
91,16,1379.39,442.35,44.75,120.06,1,-1,-1,-1
91,17,1523.01,438.62,44.49,119.62,1,-1,-1,-1
92,0,584.07,501.38,50.56,120.64,1,-1,-1,-1
92,1,1254.81,502.97,70.81,137.45,1,-1,-1,-1
92,3,462.43,566.07,52.90,141.44,1,-1,-1,-1
92,4,542.09,301.93,31.34,85.60,1,-1,-1,-1
92,5,1162.69,456.15,44.73,117.07,1,-1,-1,-1
92,6,1264.51,461.66,48.96,115.13,1,-1,-1,-1
92,7,145.73,500.76,50.32,128.17,1,-1,-1,-1
92,8,525.06,432.22,37.76,112.24,1,-1,-1,-1
92,9,1183.33,456.26,55.55,113.41,1,-1,-1,-1
92,10,1409.70,425.01,34.17,103.75,1,-1,-1,-1
92,11,1473.25,449.14,53.06,120.58,1,-1,-1,-1
92,13,460.45,382.37,12.76,9.69,1,-1,-1,-1
92,14,1440.01,448.23,56.48,117.68,1,-1,-1,-1
92,16,1380.13,442.24,43.75,122.28,1,-1,-1,-1
92,17,1514.09,439.05,52.73,119.75,1,-1,-1,-1
92,-1,1521.49,439.10,44.95,119.09,1,-1,-1,-1
93,0,583.77,501.24,51.09,120.34,1,-1,-1,-1
93,2,1268.45,500.29,60.80,138.70,1,-1,-1,-1
93,3,461.48,566.12,54.22,141.60,1,-1,-1,-1
93,4,541.96,302.05,31.34,85.67,1,-1,-1,-1
93,5,1163.32,455.43,46.32,118.61,1,-1,-1,-1
93,6,1266.10,460.88,48.71,113.90,1,-1,-1,-1
93,7,144.93,500.99,52.05,127.53,1,-1,-1,-1
93,8,526.24,432.33,36.95,112.03,1,-1,-1,-1
93,9,1179.07,456.51,62.33,113.39,1,-1,-1,-1
93,10,1409.04,425.28,33.54,102.58,1,-1,-1,-1
93,11,1472.14,450.08,51.77,119.70,1,-1,-1,-1
93,13,460.54,382.17,13.04,9.96,1,-1,-1,-1
93,14,1439.65,448.48,59.21,116.76,1,-1,-1,-1
93,16,1378.90,442.54,45.37,121.67,1,-1,-1,-1
93,17,1510.58,438.84,55.43,119.55,1,-1,-1,-1
94,0,583.74,501.30,50.94,119.85,1,-1,-1,-1
94,2,1271.61,500.38,62.14,135.14,1,-1,-1,-1
94,3,461.44,566.29,53.84,141.55,1,-1,-1,-1
94,4,541.58,302.55,31.81,85.06,1,-1,-1,-1
94,5,1164.06,455.71,46.41,118.37,1,-1,-1,-1
94,6,1265.56,460.56,46.19,119.20,1,-1,-1,-1
94,7,144.46,499.93,53.48,129.19,1,-1,-1,-1
94,8,528.04,432.17,35.45,112.33,1,-1,-1,-1
94,9,1179.07,457.46,62.58,112.59,1,-1,-1,-1
94,10,1405.89,424.37,36.29,110.29,1,-1,-1,-1
94,11,1471.95,449.67,51.12,120.12,1,-1,-1,-1
94,13,460.27,382.35,13.26,10.16,1,-1,-1,-1
94,14,1442.69,448.51,57.47,117.89,1,-1,-1,-1
94,16,1377.65,441.87,45.28,123.49,1,-1,-1,-1
94,17,1510.52,439.92,54.80,119.17,1,-1,-1,-1
95,0,584.22,501.14,51.09,118.95,1,-1,-1,-1
95,2,1276.46,500.25,59.85,132.04,1,-1,-1,-1
95,3,461.24,566.14,54.23,141.70,1,-1,-1,-1
95,4,541.72,302.44,31.55,85.63,1,-1,-1,-1
95,5,1167.88,456.13,44.54,117.91,1,-1,-1,-1
95,6,1266.42,460.98,44.19,116.10,1,-1,-1,-1
95,7,143.96,500.25,53.51,128.56,1,-1,-1,-1
95,8,529.36,432.15,33.90,112.83,1,-1,-1,-1
95,9,1185.14,458.04,57.91,111.72,1,-1,-1,-1
95,10,1406.98,424.66,34.52,104.55,1,-1,-1,-1
95,11,1471.37,449.33,49.90,120.46,1,-1,-1,-1
95,13,460.49,382.40,13.08,10.07,1,-1,-1,-1
95,14,1445.16,448.07,57.83,118.63,1,-1,-1,-1
95,16,1376.07,442.71,47.64,122.93,1,-1,-1,-1
95,1,1261.36,500.14,72.90,131.65,1,-1,-1,-1
95,15,1485.13,448.01,43.88,119.03,1,-1,-1,-1
95,17,1511.66,439.31,53.42,119.58,1,-1,-1,-1
96,0,583.81,501.02,51.39,119.34,1,-1,-1,-1
96,1,1264.89,500.84,74.10,131.03,1,-1,-1,-1
96,3,460.91,565.95,54.33,141.98,1,-1,-1,-1
96,4,541.44,302.28,31.79,85.77,1,-1,-1,-1
96,5,1168.63,455.95,43.68,118.30,1,-1,-1,-1
96,6,1265.46,461.56,41.08,115.77,1,-1,-1,-1
96,7,143.76,500.53,53.12,128.29,1,-1,-1,-1
96,8,528.80,432.18,34.41,113.17,1,-1,-1,-1
96,9,1182.50,458.19,60.32,111.69,1,-1,-1,-1
96,10,1406.59,424.62,34.37,103.96,1,-1,-1,-1
96,11,1472.17,448.39,54.34,120.76,1,-1,-1,-1
96,13,460.11,382.39,13.29,10.12,1,-1,-1,-1
96,16,1372.22,442.31,47.53,123.40,1,-1,-1,-1
96,17,1511.21,438.97,51.66,119.67,1,-1,-1,-1
96,14,1443.30,448.49,62.49,117.62,1,-1,-1,-1
97,0,583.97,500.87,51.03,119.31,1,-1,-1,-1
97,1,1272.96,502.30,69.64,130.53,1,-1,-1,-1
97,3,461.33,566.10,53.76,141.79,1,-1,-1,-1
97,4,541.35,302.75,31.61,85.21,1,-1,-1,-1
97,5,1170.36,456.63,43.86,117.62,1,-1,-1,-1
97,6,1264.24,461.58,45.58,115.68,1,-1,-1,-1
97,7,144.29,500.45,52.65,128.82,1,-1,-1,-1
97,8,529.06,432.18,34.22,113.05,1,-1,-1,-1
97,9,1186.08,457.90,56.96,112.12,1,-1,-1,-1
97,10,1403.83,424.06,37.18,105.04,1,-1,-1,-1
97,11,1470.64,450.10,51.53,120.05,1,-1,-1,-1
97,13,460.26,382.25,13.35,10.04,1,-1,-1,-1
97,14,1444.82,449.45,62.63,117.34,1,-1,-1,-1
97,15,1478.92,448.69,51.81,118.75,1,-1,-1,-1
97,16,1368.81,442.89,49.17,123.84,1,-1,-1,-1
97,17,1510.97,439.24,51.22,119.19,1,-1,-1,-1
97,-1,1372.65,444.56,53.52,121.26,1,-1,-1,-1
98,0,584.35,500.96,50.68,119.47,1,-1,-1,-1
98,1,1280.12,502.96,66.87,129.76,1,-1,-1,-1
98,3,461.51,566.38,54.04,141.71,1,-1,-1,-1
98,4,541.28,303.35,31.55,84.48,1,-1,-1,-1
98,5,1171.23,456.66,43.58,117.20,1,-1,-1,-1
98,6,1260.84,462.35,44.45,115.16,1,-1,-1,-1
98,7,144.20,500.41,52.17,128.50,1,-1,-1,-1
98,8,529.67,432.04,33.84,113.64,1,-1,-1,-1
98,9,1188.14,457.94,55.94,111.99,1,-1,-1,-1
98,10,1402.80,424.32,38.19,104.52,1,-1,-1,-1
98,11,1469.56,449.68,54.12,119.72,1,-1,-1,-1
98,13,460.13,382.36,13.29,10.01,1,-1,-1,-1
98,14,1447.01,450.20,62.45,116.66,1,-1,-1,-1
98,16,1363.38,445.69,55.22,120.86,1,-1,-1,-1
98,17,1509.29,437.98,51.55,121.08,1,-1,-1,-1
98,18,1373.36,444.27,54.19,120.33,1,-1,-1,-1
99,0,584.94,501.15,50.69,119.36,1,-1,-1,-1
99,1,1289.34,501.68,63.46,130.44,1,-1,-1,-1
99,3,461.64,566.33,54.08,141.75,1,-1,-1,-1
99,4,541.26,303.32,31.20,84.26,1,-1,-1,-1
99,5,1172.07,457.24,42.87,116.71,1,-1,-1,-1
99,6,1257.36,462.93,48.54,115.01,1,-1,-1,-1
99,7,144.05,500.31,52.22,128.68,1,-1,-1,-1
99,8,530.10,432.33,33.24,113.13,1,-1,-1,-1
99,9,1192.05,458.75,52.40,111.16,1,-1,-1,-1
99,10,1403.48,424.69,37.30,106.42,1,-1,-1,-1
99,11,1468.91,449.87,57.91,118.57,1,-1,-1,-1
99,13,459.97,382.54,13.39,10.05,1,-1,-1,-1
99,16,1357.47,446.74,61.99,119.46,1,-1,-1,-1
99,17,1511.70,439.94,49.02,119.25,1,-1,-1,-1
99,18,1372.38,446.10,54.61,118.93,1,-1,-1,-1
99,14,1450.05,450.23,60.92,115.85,1,-1,-1,-1
99,-1,1368.45,435.57,44.63,107.29,1,-1,-1,-1
100,0,585.64,500.86,50.36,119.85,1,-1,-1,-1
100,1,1294.11,499.34,64.99,132.00,1,-1,-1,-1
100,3,461.80,566.56,54.04,141.44,1,-1,-1,-1
100,4,541.22,303.85,30.82,84.30,1,-1,-1,-1
100,5,1172.41,457.26,43.00,117.27,1,-1,-1,-1
100,6,1258.71,463.59,49.19,114.74,1,-1,-1,-1
100,7,144.39,500.36,50.72,128.86,1,-1,-1,-1
100,8,530.43,432.39,33.73,113.11,1,-1,-1,-1
100,9,1194.10,458.81,50.87,111.65,1,-1,-1,-1
100,10,1402.27,424.62,38.36,106.46,1,-1,-1,-1
100,13,459.96,382.27,13.36,10.11,1,-1,-1,-1
100,14,1444.83,449.73,63.44,115.63,1,-1,-1,-1
100,15,1471.85,450.31,60.24,118.94,1,-1,-1,-1
100,16,1352.61,445.34,63.78,121.03,1,-1,-1,-1
100,17,1511.25,439.23,50.00,119.85,1,-1,-1,-1
100,18,1374.59,444.38,53.14,119.48,1,-1,-1,-1
101,0,586.74,500.66,49.80,120.09,1,-1,-1,-1
101,1,1299.12,497.08,62.87,131.70,1,-1,-1,-1
101,3,461.90,566.45,54.30,141.66,1,-1,-1,-1
101,4,541.30,303.53,30.64,84.55,1,-1,-1,-1
101,5,1172.62,456.85,44.19,118.10,1,-1,-1,-1
101,6,1257.87,464.51,51.42,114.04,1,-1,-1,-1
101,7,144.53,500.42,49.44,128.84,1,-1,-1,-1
101,8,530.56,432.30,33.62,113.30,1,-1,-1,-1
101,9,1189.48,457.69,55.76,112.65,1,-1,-1,-1
101,10,1404.06,424.78,37.25,103.55,1,-1,-1,-1
101,13,460.01,382.35,12.95,9.94,1,-1,-1,-1
101,14,1453.85,451.13,56.49,115.19,1,-1,-1,-1
101,16,1353.22,445.41,66.36,121.38,1,-1,-1,-1
101,17,1511.57,442.45,48.43,117.01,1,-1,-1,-1
101,15,1472.57,451.84,64.13,117.74,1,-1,-1,-1
101,18,1366.65,436.50,46.83,108.81,1,-1,-1,-1
102,0,587.77,500.40,49.03,120.04,1,-1,-1,-1
102,1,1305.85,495.46,59.94,134.99,1,-1,-1,-1
102,2,1306.80,494.92,56.16,133.17,1,-1,-1,-1
102,3,462.42,566.55,53.48,141.34,1,-1,-1,-1
102,4,540.94,303.63,30.31,84.48,1,-1,-1,-1
102,5,1172.58,457.10,44.78,117.32,1,-1,-1,-1
102,6,1256.32,465.09,52.22,113.79,1,-1,-1,-1
102,7,143.82,499.89,49.54,128.27,1,-1,-1,-1
102,8,530.61,432.53,33.28,113.10,1,-1,-1,-1
102,9,1186.47,457.47,59.47,113.33,1,-1,-1,-1
102,10,1401.92,424.70,39.41,104.87,1,-1,-1,-1
102,13,460.02,382.44,12.78,9.85,1,-1,-1,-1
102,14,1459.48,451.51,54.01,115.86,1,-1,-1,-1
102,16,1354.39,442.77,63.73,124.09,1,-1,-1,-1
102,17,1510.86,444.17,47.72,115.72,1,-1,-1,-1
102,18,1383.83,441.73,45.56,121.97,1,-1,-1,-1
103,0,589.08,500.21,48.11,119.92,1,-1,-1,-1
103,1,1310.12,493.99,59.04,133.82,1,-1,-1,-1
103,2,1310.79,493.94,53.07,129.42,1,-1,-1,-1
103,3,462.93,566.54,52.74,141.29,1,-1,-1,-1
103,4,541.09,303.24,30.10,84.75,1,-1,-1,-1
103,5,1172.76,456.71,45.89,117.71,1,-1,-1,-1
103,6,1255.16,466.34,50.15,112.35,1,-1,-1,-1
103,7,143.92,499.30,48.72,128.35,1,-1,-1,-1
103,8,531.36,432.63,32.50,112.80,1,-1,-1,-1
103,9,1194.53,457.62,54.47,112.58,1,-1,-1,-1
103,10,1404.46,425.19,36.72,104.33,1,-1,-1,-1
103,13,459.89,382.35,12.89,9.80,1,-1,-1,-1
103,14,1464.85,452.21,49.32,117.63,1,-1,-1,-1
103,16,1358.66,443.85,55.11,122.71,1,-1,-1,-1
103,17,1512.96,443.54,44.95,116.07,1,-1,-1,-1
103,18,1386.18,439.54,42.13,122.53,1,-1,-1,-1
104,0,590.94,500.52,46.43,119.95,1,-1,-1,-1
104,1,1312.40,494.53,61.22,130.81,1,-1,-1,-1
104,3,463.23,566.55,52.54,141.34,1,-1,-1,-1
104,4,540.74,303.51,30.16,84.59,1,-1,-1,-1
104,5,1172.38,456.41,46.89,116.97,1,-1,-1,-1
104,6,1254.48,466.21,48.75,112.73,1,-1,-1,-1
104,7,143.26,499.24,48.36,127.66,1,-1,-1,-1
104,8,531.52,432.32,31.85,113.25,1,-1,-1,-1
104,9,1195.18,457.46,55.49,112.89,1,-1,-1,-1
104,10,1403.83,425.28,37.04,103.96,1,-1,-1,-1
104,13,459.92,382.46,13.00,9.76,1,-1,-1,-1
104,14,1464.97,452.02,49.23,118.08,1,-1,-1,-1
104,15,1501.67,451.02,43.14,116.43,1,-1,-1,-1
104,16,1357.23,443.37,53.00,122.05,1,-1,-1,-1
104,17,1516.02,441.87,44.54,117.11,1,-1,-1,-1
104,18,1384.03,442.94,44.76,123.21,1,-1,-1,-1
105,0,591.62,500.93,46.42,120.03,1,-1,-1,-1
105,1,1316.02,496.47,61.81,128.33,1,-1,-1,-1
105,3,463.41,566.58,52.32,141.36,1,-1,-1,-1
105,4,540.62,303.56,30.53,84.69,1,-1,-1,-1
105,5,1173.27,456.06,47.68,116.60,1,-1,-1,-1
105,6,1251.13,465.95,46.27,112.95,1,-1,-1,-1
105,7,143.40,499.10,47.25,128.19,1,-1,-1,-1
105,8,531.67,432.25,31.66,113.27,1,-1,-1,-1
105,9,1194.94,456.96,56.30,113.33,1,-1,-1,-1
105,10,1404.65,425.43,36.70,102.17,1,-1,-1,-1
105,13,460.08,382.38,13.08,9.94,1,-1,-1,-1
105,16,1353.09,444.07,49.99,121.99,1,-1,-1,-1
105,17,1515.48,441.95,44.67,117.00,1,-1,-1,-1
105,18,1384.74,444.29,44.73,122.11,1,-1,-1,-1
105,12,1456.12,449.50,41.50,115.00,1,-1,-1,-1
105,14,1462.82,451.74,49.95,116.18,1,-1,-1,-1
105,15,1499.37,450.61,44.61,116.81,1,-1,-1,-1
106,0,592.32,500.74,45.99,120.38,1,-1,-1,-1
106,1,1320.78,498.94,56.83,126.07,1,-1,-1,-1
106,3,462.91,566.53,53.03,141.46,1,-1,-1,-1
106,4,540.36,303.56,30.60,84.66,1,-1,-1,-1
106,5,1176.08,455.80,46.71,116.60,1,-1,-1,-1
106,6,1242.64,465.62,47.96,113.17,1,-1,-1,-1
106,7,142.92,498.98,47.54,128.01,1,-1,-1,-1
106,8,531.41,432.08,32.23,113.64,1,-1,-1,-1
106,9,1196.20,456.48,55.88,114.01,1,-1,-1,-1
106,10,1405.72,425.58,34.83,102.19,1,-1,-1,-1
106,12,1456.48,448.67,43.98,115.67,1,-1,-1,-1
106,13,459.78,382.24,13.33,9.92,1,-1,-1,-1
106,15,1501.48,450.70,42.54,116.56,1,-1,-1,-1
106,16,1350.81,441.69,48.69,123.14,1,-1,-1,-1
106,18,1383.47,445.06,46.75,121.14,1,-1,-1,-1
106,11,1509.96,447.33,46.21,114.13,1,-1,-1,-1
106,14,1463.28,451.67,49.40,116.97,1,-1,-1,-1
106,17,1516.97,442.62,43.07,116.53,1,-1,-1,-1
107,0,594.11,501.02,44.85,120.20,1,-1,-1,-1
107,1,1324.94,499.25,57.79,125.61,1,-1,-1,-1
107,3,463.16,566.59,52.54,141.34,1,-1,-1,-1
107,4,540.21,303.85,30.78,84.10,1,-1,-1,-1
107,5,1179.42,455.61,43.95,116.74,1,-1,-1,-1
107,6,1243.52,465.99,43.71,113.07,1,-1,-1,-1
107,7,142.85,499.26,47.08,127.82,1,-1,-1,-1
107,8,531.65,432.12,31.94,113.40,1,-1,-1,-1
107,9,1197.60,456.71,54.66,114.01,1,-1,-1,-1
107,10,1405.13,426.06,35.09,102.06,1,-1,-1,-1
107,11,1509.07,448.64,45.95,113.60,1,-1,-1,-1
107,13,459.89,382.23,13.26,9.91,1,-1,-1,-1
107,16,1346.69,439.24,51.98,125.21,1,-1,-1,-1
107,18,1383.45,445.42,47.35,120.99,1,-1,-1,-1
107,12,1462.67,450.56,50.41,118.10,1,-1,-1,-1
107,14,1470.16,451.64,48.08,118.13,1,-1,-1,-1
108,0,594.93,500.49,44.66,120.53,1,-1,-1,-1
108,1,1334.28,499.70,60.54,124.97,1,-1,-1,-1
108,3,463.41,566.55,52.39,141.41,1,-1,-1,-1
108,4,540.32,304.11,30.29,84.16,1,-1,-1,-1
108,5,1179.37,455.57,45.75,116.78,1,-1,-1,-1
108,6,1239.92,465.63,46.53,112.82,1,-1,-1,-1
108,7,143.16,498.97,46.48,127.14,1,-1,-1,-1
108,8,532.07,432.09,31.75,113.59,1,-1,-1,-1
108,9,1198.70,456.97,55.08,113.44,1,-1,-1,-1
108,10,1406.10,426.67,33.71,100.60,1,-1,-1,-1
108,12,1462.40,450.11,48.98,116.64,1,-1,-1,-1
108,13,459.97,382.23,13.23,10.03,1,-1,-1,-1
108,16,1347.13,439.29,49.56,109.73,1,-1,-1,-1
108,18,1383.87,447.26,48.59,118.42,1,-1,-1,-1
108,2,1334.06,497.54,55.42,125.69,1,-1,-1,-1
108,11,1511.36,445.49,45.99,114.93,1,-1,-1,-1
108,15,1500.76,451.01,43.83,116.06,1,-1,-1,-1
108,-1,1383.49,436.81,27.82,105.08,1,-1,-1,-1
109,0,595.18,501.19,45.04,119.80,1,-1,-1,-1
109,1,1339.54,497.15,58.86,127.55,1,-1,-1,-1
109,3,463.47,566.74,52.63,141.13,1,-1,-1,-1
109,4,540.09,303.91,30.90,84.39,1,-1,-1,-1
109,5,1179.62,455.79,45.94,116.30,1,-1,-1,-1
109,6,1237.57,466.92,48.51,112.09,1,-1,-1,-1
109,7,143.02,498.96,46.56,126.04,1,-1,-1,-1
109,8,531.92,432.21,32.51,113.37,1,-1,-1,-1
109,9,1202.75,457.45,52.45,112.34,1,-1,-1,-1
109,10,1407.33,426.68,32.98,100.25,1,-1,-1,-1
109,12,1458.27,448.82,48.98,115.83,1,-1,-1,-1
109,13,459.93,382.29,13.26,9.93,1,-1,-1,-1
109,15,1500.31,450.90,45.96,115.91,1,-1,-1,-1
109,16,1343.45,444.68,52.50,109.32,1,-1,-1,-1
109,18,1383.84,446.82,49.06,118.62,1,-1,-1,-1
109,11,1509.60,444.11,47.94,115.77,1,-1,-1,-1
109,-1,1382.44,436.36,31.70,101.77,1,-1,-1,-1
110,0,595.54,501.46,44.77,119.48,1,-1,-1,-1
110,1,1342.06,489.60,59.80,134.05,1,-1,-1,-1
110,3,463.28,566.70,52.63,141.22,1,-1,-1,-1
110,4,540.09,304.07,30.73,84.31,1,-1,-1,-1
110,5,1179.33,455.55,47.07,116.52,1,-1,-1,-1
110,6,1231.57,467.13,53.33,112.39,1,-1,-1,-1
110,7,143.25,499.06,45.97,125.27,1,-1,-1,-1
110,8,532.26,432.01,31.90,113.75,1,-1,-1,-1
110,9,1203.99,457.14,50.36,112.59,1,-1,-1,-1
110,10,1407.23,425.98,32.64,100.61,1,-1,-1,-1
110,11,1508.51,443.47,49.46,116.37,1,-1,-1,-1
110,12,1456.50,449.34,51.81,116.97,1,-1,-1,-1
110,13,459.63,382.11,13.31,10.02,1,-1,-1,-1
110,16,1333.96,445.20,59.48,118.84,1,-1,-1,-1
110,18,1384.75,445.57,46.76,119.68,1,-1,-1,-1
110,15,1495.95,450.43,50.42,116.31,1,-1,-1,-1
110,-1,1381.88,436.32,31.88,103.89,1,-1,-1,-1
111,0,595.78,501.22,44.92,119.68,1,-1,-1,-1
111,1,1346.25,487.34,63.90,135.16,1,-1,-1,-1
111,3,462.90,566.83,52.96,141.15,1,-1,-1,-1
111,4,539.92,304.33,30.97,84.05,1,-1,-1,-1
111,5,1180.70,456.19,46.49,115.15,1,-1,-1,-1
111,6,1216.68,467.23,66.13,112.99,1,-1,-1,-1
111,7,143.73,499.47,45.60,124.77,1,-1,-1,-1
111,8,532.05,432.00,32.78,113.69,1,-1,-1,-1
111,9,1199.38,456.81,53.90,109.32,1,-1,-1,-1
111,10,1407.54,426.44,32.23,100.42,1,-1,-1,-1
111,12,1457.35,448.39,50.28,118.49,1,-1,-1,-1
111,13,460.15,382.16,13.01,9.75,1,-1,-1,-1
111,16,1333.47,445.94,59.74,118.98,1,-1,-1,-1
111,18,1384.81,445.83,48.61,119.35,1,-1,-1,-1
111,11,1513.81,441.26,45.48,117.87,1,-1,-1,-1
111,15,1499.26,450.82,47.55,115.92,1,-1,-1,-1
112,0,596.04,501.44,45.36,119.39,1,-1,-1,-1
112,1,1351.15,485.59,59.92,132.97,1,-1,-1,-1
112,3,462.84,566.74,53.06,141.26,1,-1,-1,-1
112,4,539.67,304.28,31.08,84.18,1,-1,-1,-1
112,5,1182.00,456.11,47.48,115.77,1,-1,-1,-1
112,6,1209.03,466.16,72.89,115.36,1,-1,-1,-1
112,7,144.00,500.00,46.40,123.77,1,-1,-1,-1
112,8,531.82,431.97,33.12,113.79,1,-1,-1,-1
112,10,1406.00,425.82,33.78,101.09,1,-1,-1,-1
112,11,1510.72,442.07,45.36,117.00,1,-1,-1,-1
112,12,1454.77,449.65,46.13,116.54,1,-1,-1,-1
112,13,459.93,382.21,13.04,9.71,1,-1,-1,-1
112,14,1475.57,451.92,43.84,118.28,1,-1,-1,-1
112,15,1502.55,449.30,45.47,118.00,1,-1,-1,-1
112,16,1333.33,447.32,59.96,118.17,1,-1,-1,-1
112,18,1387.67,444.86,46.04,120.07,1,-1,-1,-1
112,9,1205.09,458.31,51.60,109.29,1,-1,-1,-1
113,0,596.16,501.40,44.68,119.52,1,-1,-1,-1
113,1,1353.32,486.56,62.78,129.94,1,-1,-1,-1
113,3,462.86,566.74,52.76,141.50,1,-1,-1,-1
113,4,539.73,304.64,30.87,83.70,1,-1,-1,-1
113,5,1183.92,456.44,44.49,115.33,1,-1,-1,-1
113,6,1204.78,463.60,74.90,117.71,1,-1,-1,-1
113,7,144.79,500.52,46.08,123.08,1,-1,-1,-1
113,8,532.10,432.03,33.11,113.48,1,-1,-1,-1
113,10,1405.79,425.76,34.19,102.43,1,-1,-1,-1
113,11,1510.57,442.51,43.76,117.97,1,-1,-1,-1
113,13,459.77,382.08,13.13,9.98,1,-1,-1,-1
113,14,1474.26,452.26,45.40,117.51,1,-1,-1,-1
113,16,1332.49,445.91,62.39,119.37,1,-1,-1,-1
113,18,1387.22,444.99,46.39,119.39,1,-1,-1,-1
113,2,1348.65,485.08,62.68,129.37,1,-1,-1,-1
113,12,1455.91,449.44,45.03,116.74,1,-1,-1,-1
113,15,1502.20,450.37,45.74,117.40,1,-1,-1,-1
114,0,596.05,501.61,45.52,119.51,1,-1,-1,-1
114,1,1353.30,489.25,67.24,126.87,1,-1,-1,-1
114,3,462.52,566.82,53.37,141.25,1,-1,-1,-1
114,4,539.82,304.57,30.95,84.02,1,-1,-1,-1
114,5,1183.70,456.53,46.30,115.73,1,-1,-1,-1
114,6,1202.80,461.12,74.06,120.35,1,-1,-1,-1
114,7,144.43,500.85,47.39,122.61,1,-1,-1,-1
114,8,531.94,432.51,33.42,113.10,1,-1,-1,-1
114,10,1404.98,425.64,35.13,101.52,1,-1,-1,-1
114,12,1453.30,449.52,48.12,116.30,1,-1,-1,-1
114,13,459.69,382.02,13.27,10.14,1,-1,-1,-1
114,16,1332.12,444.45,62.15,120.46,1,-1,-1,-1
114,18,1386.72,443.63,47.29,119.83,1,-1,-1,-1
114,11,1513.11,441.74,45.17,117.33,1,-1,-1,-1
114,14,1473.74,451.62,44.81,118.24,1,-1,-1,-1
114,15,1498.12,450.77,49.01,116.23,1,-1,-1,-1
115,0,596.00,501.52,45.82,119.77,1,-1,-1,-1
115,2,1355.84,490.86,61.98,125.11,1,-1,-1,-1
115,3,462.33,566.69,53.64,141.50,1,-1,-1,-1
115,4,539.68,304.61,31.19,83.97,1,-1,-1,-1
115,5,1183.99,456.57,45.54,115.83,1,-1,-1,-1
115,6,1198.79,459.32,75.80,123.10,1,-1,-1,-1
115,7,144.90,501.76,47.26,121.78,1,-1,-1,-1
115,8,531.81,432.36,33.61,113.38,1,-1,-1,-1
115,10,1404.78,425.53,34.95,101.27,1,-1,-1,-1
115,11,1512.76,441.83,46.04,118.41,1,-1,-1,-1
115,12,1451.19,449.76,47.20,116.30,1,-1,-1,-1
115,13,459.56,382.12,13.36,10.09,1,-1,-1,-1
115,14,1473.47,452.44,49.06,117.41,1,-1,-1,-1
115,16,1331.05,442.95,62.47,121.68,1,-1,-1,-1
115,18,1385.86,444.93,47.54,118.70,1,-1,-1,-1
115,15,1496.98,450.99,48.20,117.02,1,-1,-1,-1
116,0,596.62,501.47,45.53,119.82,1,-1,-1,-1
116,1,1364.90,491.63,62.82,124.74,1,-1,-1,-1
116,3,461.46,566.87,54.79,141.41,1,-1,-1,-1
116,4,539.60,304.66,31.38,83.86,1,-1,-1,-1
116,5,1184.22,457.04,47.74,113.77,1,-1,-1,-1
116,6,1200.72,460.25,69.53,121.83,1,-1,-1,-1
116,7,144.67,502.29,47.79,121.42,1,-1,-1,-1
116,8,531.92,432.27,33.93,113.48,1,-1,-1,-1
116,10,1402.04,425.03,37.83,101.24,1,-1,-1,-1
116,11,1512.97,441.83,45.53,118.41,1,-1,-1,-1
116,12,1450.48,449.24,48.31,116.53,1,-1,-1,-1
116,13,459.67,382.17,13.30,10.17,1,-1,-1,-1
116,14,1474.81,451.70,47.65,118.72,1,-1,-1,-1
116,16,1331.29,442.91,63.36,121.76,1,-1,-1,-1
116,18,1385.64,441.78,48.84,105.17,1,-1,-1,-1
116,2,1362.66,490.01,56.87,125.19,1,-1,-1,-1
116,15,1495.12,451.06,49.36,116.20,1,-1,-1,-1
117,0,596.72,501.27,45.90,119.73,1,-1,-1,-1
117,1,1374.78,491.75,57.57,124.86,1,-1,-1,-1
117,2,1368.87,485.91,55.36,126.49,1,-1,-1,-1
117,3,462.57,566.93,53.51,141.09,1,-1,-1,-1
117,4,539.78,304.84,31.06,83.58,1,-1,-1,-1
117,5,1184.64,457.50,47.43,112.46,1,-1,-1,-1
117,6,1200.05,460.30,64.84,121.63,1,-1,-1,-1
117,7,145.22,503.14,46.82,120.14,1,-1,-1,-1
117,8,532.23,432.46,33.44,113.30,1,-1,-1,-1
117,10,1403.31,425.37,36.58,102.36,1,-1,-1,-1
117,11,1512.86,441.43,46.89,119.36,1,-1,-1,-1
117,12,1450.69,449.08,48.24,116.78,1,-1,-1,-1
117,13,459.74,382.38,13.27,9.84,1,-1,-1,-1
117,14,1476.69,451.40,47.81,118.63,1,-1,-1,-1
117,16,1330.50,442.64,64.74,122.50,1,-1,-1,-1
117,15,1488.81,451.01,54.26,117.35,1,-1,-1,-1
117,18,1385.42,441.78,50.03,106.81,1,-1,-1,-1
118,0,596.82,501.50,46.55,119.54,1,-1,-1,-1
118,1,1379.50,486.40,57.28,130.03,1,-1,-1,-1
118,3,462.01,566.90,54.10,141.22,1,-1,-1,-1
118,4,539.26,304.84,31.67,83.58,1,-1,-1,-1
118,5,1184.81,457.15,46.81,111.62,1,-1,-1,-1
118,6,1204.91,459.10,56.36,118.33,1,-1,-1,-1
118,7,145.28,503.73,47.36,119.62,1,-1,-1,-1
118,8,532.29,432.84,33.22,113.09,1,-1,-1,-1
118,10,1403.89,425.66,36.16,100.01,1,-1,-1,-1
118,11,1510.70,441.85,47.99,118.07,1,-1,-1,-1
118,12,1450.80,449.07,53.76,117.87,1,-1,-1,-1
118,13,459.48,382.47,13.74,10.24,1,-1,-1,-1
118,15,1485.82,452.09,55.21,117.65,1,-1,-1,-1
118,16,1331.65,443.15,63.17,122.38,1,-1,-1,-1
118,2,1373.44,437.52,35.29,123.17,1,-1,-1,-1
118,9,1219.76,458.58,42.58,107.21,1,-1,-1,-1
118,18,1380.63,443.73,52.60,117.35,1,-1,-1,-1
119,0,596.93,501.57,46.81,119.47,1,-1,-1,-1
119,1,1386.64,486.29,52.94,128.42,1,-1,-1,-1
119,2,1378.22,439.87,35.58,112.02,1,-1,-1,-1
119,3,462.70,566.94,53.25,141.32,1,-1,-1,-1
119,4,538.35,305.16,32.79,82.94,1,-1,-1,-1
119,5,1184.54,456.46,46.60,111.33,1,-1,-1,-1
119,7,145.26,504.74,47.83,117.95,1,-1,-1,-1
119,8,532.09,432.75,32.96,113.02,1,-1,-1,-1
119,9,1209.33,457.33,53.28,109.02,1,-1,-1,-1
119,10,1401.45,425.36,38.66,99.71,1,-1,-1,-1
119,11,1509.79,441.59,48.45,118.89,1,-1,-1,-1
119,12,1449.95,449.26,53.76,118.36,1,-1,-1,-1
119,13,459.31,382.69,13.68,10.24,1,-1,-1,-1
119,15,1484.62,452.42,54.03,117.44,1,-1,-1,-1
119,16,1330.92,443.40,65.22,122.39,1,-1,-1,-1
119,18,1382.07,442.36,49.54,116.16,1,-1,-1,-1
119,-1,1379.90,484.15,45.98,127.09,1,-1,-1,-1
120,0,597.08,501.68,47.16,119.37,1,-1,-1,-1
120,1,1387.57,485.47,60.70,130.25,1,-1,-1,-1
120,3,462.40,566.86,53.67,141.45,1,-1,-1,-1
120,4,538.31,305.39,32.97,82.38,1,-1,-1,-1
120,5,1185.05,456.91,46.57,110.67,1,-1,-1,-1
120,7,145.37,506.38,48.30,116.62,1,-1,-1,-1
120,8,531.99,432.58,33.26,113.31,1,-1,-1,-1
120,9,1206.15,458.22,57.40,109.66,1,-1,-1,-1
120,10,1403.80,425.83,37.36,94.48,1,-1,-1,-1
120,11,1509.55,441.18,48.38,119.36,1,-1,-1,-1
120,12,1451.06,449.18,54.30,117.40,1,-1,-1,-1
120,13,459.29,382.62,13.46,10.21,1,-1,-1,-1
120,15,1487.48,451.77,53.44,117.87,1,-1,-1,-1
120,16,1330.27,445.28,68.64,120.97,1,-1,-1,-1
120,18,1381.51,441.29,48.54,110.18,1,-1,-1,-1
